1109066019510,53466.262670706,13.138538,0.0516541800309594,185.36015,9.34381
1109066019510,53466.2701926157,13.185276,0.0517339828243462,185.36017,9.34382
1109066019510,53466.2777270139,13.144725,0.0516581762605032,185.36016,9.34382
1109066019510,53466.2852693982,13.155852,0.0516735070487799,185.36012,9.34373
1109066019510,53710.5182268056,13.270855,0.0520050963566704,185.36014,9.34383
1109066019510,53710.5241839234,13.324615,0.0520984437261217,185.36015,9.34382
1109066019510,53710.5302468403,13.310103,0.0520733503680164,185.36014,9.34384
1109066019510,53710.5363268866,13.369704,0.0521916830680173,185.36014,9.34381
1109066019510,53731.4827815974,13.116896,0.0517199319819461,185.36019,9.34385
1109066019510,53731.4908661461,13.121397,0.0517225156701031,185.36014,9.34381
1109066019510,53731.4989327546,13.125992,0.0518064230126996,185.36018,9.34385
1109066019510,53731.5070022452,13.143471,0.0517956769485199,185.36022,9.34384
1109066019510,53553.1607967592,13.434954,0.0526401560962643,185.36016,9.34382
1109066019510,53553.167219074,13.401512,0.0525800694695488,185.36015,9.34382
1109066019510,53553.1737027313,13.373013,0.0525366612787634,185.36012,9.34382
1109066019510,53553.1801176271,13.359355,0.0525227487382521,185.36015,9.34382
1109066019510,53528.1923725926,13.239453,0.0519995261522814,185.36013,9.34384
1109066019510,53528.199861736,13.24202,0.0520095927406858,185.36014,9.34382
1109066019510,53528.2073545833,13.226504,0.0519931703216239,185.36016,9.34382
1109066019510,53528.2148296065,13.194128,0.051941326533686,185.36016,9.34384
1109066019510,53499.1875439929,13.126843,0.0517158553873306,185.36016,9.34382
1109066019510,53499.192912315,13.142446,0.0517388056238125,185.36018,9.34383
1109066019510,53499.1982489238,13.149342,0.051749449212881,185.36017,9.34379
1109066019510,53499.2035847223,13.189317,0.0518283702647921,185.36018,9.34382
1109066019510,53520.2293576272,13.521042,0.0582109820990143,185.35998,9.34394
1109066019510,53520.2358309836,13.186714,0.0520393454535034,185.36018,9.34381
1109066019510,53520.2422384839,13.214769,0.0521596359150132,185.36014,9.34383
1109066019510,53520.2486779168,13.208601,0.0520812881793198,185.36017,9.34383
1109066019510,53704.4905420137,13.225881,0.052063514646371,185.36016,9.34382
1109066019510,53704.4970415277,13.238358,0.0521279048125492,185.36016,9.34383
1109066019510,53704.5036226506,13.28847,0.0522674522863111,185.36016,9.34382
1109066019510,53704.5101560764,13.321192,0.0523476347294551,185.36016,9.34382
1109066019510,53828.2370174537,13.150799,0.0539152800857108,185.36015,9.3438
1109066019510,53828.2395742941,13.150942,0.053459354985259,185.36014,9.34384
1109066019510,53828.2422167938,13.121815,0.0529766973780939,185.3601,9.34373
1109066019510,53828.2447471181,13.096921,0.0542248293380037,185.36011,9.34372
1109066019510,53843.2669437039,13.161487,0.0520375515848301,185.36015,9.34383
1109066019510,53843.2750442247,13.144116,0.0520024901436198,185.36017,9.34384
1109066019510,53843.2831501737,13.203476,0.052112831240256,185.36016,9.34384
1109066019510,53843.2912063659,13.241534,0.0521966794109736,185.36015,9.34382
1109066019510,54085.4606486112,13.426785,0.0522816960269242,185.36016,9.34384
1109066019510,54085.4736045832,13.38327,0.0522641002594422,185.36013,9.34384
1109066019510,54085.4857346993,13.32576,0.0520396749859434,185.36016,9.34385
1109066019510,54085.4961918173,13.258538,0.0523247084509512,185.36017,9.34383
1109066019510,54095.4426578586,13.241498,0.0518618942496325,185.36016,9.34385
1109066019510,54095.4545437498,13.242136,0.0518391821681244,185.36014,9.34384
1109066019510,54095.4664585763,13.224533,0.0517948508710542,185.36016,9.34384
1109066019510,54095.4783318518,13.210214,0.0517631319950634,185.36015,9.34384
1109066019510,53772.4464887614,13.140327,0.0517488696435812,185.36012,9.34375
1109066019510,53772.4540540627,13.151755,0.051770775597689,185.36015,9.34382
1109066019510,53772.461676551,13.173158,0.0518173166562523,185.36016,9.34383
1109066019510,53772.4692644212,13.186399,0.051839056883043,185.36014,9.34381
1109066019510,53774.4295112267,13.299483,0.0521069226941624,185.36015,9.34383
1109066019510,53774.4370033797,13.32108,0.0521580146685715,185.36015,9.34383
1109066019510,53774.4444969213,13.293115,0.0521302451351543,185.36015,9.34383
1109066019510,53774.452044514,13.240677,0.052060807533865,185.36016,9.34383
1109066019510,53789.375011771,13.333263,0.0616814349760492,185.36017,9.34381
1109066019510,53789.3807586921,13.361871,0.0704919817600262,185.36014,9.34386
1109066019510,53789.3865118749,13.343315,0.0812048390090442,185.3602,9.3439
1109066019510,53743.433588854,13.304806,0.0521517977922484,185.36015,9.34383
1109066019510,53743.439945648,13.267983,0.0520694814013584,185.36016,9.34382
1109066019510,53743.4463089234,13.237831,0.0520139049966963,185.36015,9.34383
1109066019510,53743.4526722105,13.203512,0.0519337401544981,185.36016,9.34382
1109066019510,53758.402252778,13.253646,0.0520241112898505,185.36016,9.34383
1109066019510,53758.4081154512,13.256452,0.0520300293898951,185.36014,9.34383
1109066019510,53758.4140960765,13.299055,0.0521054497883215,185.36014,9.34381
1109066019510,53758.4200633797,13.296779,0.0520938930236298,185.36013,9.34382
1109066019510,53765.4455528241,13.216027,0.0519696254030481,185.36015,9.34383
1109066019510,53765.4520865972,13.187539,0.0519154260864115,185.36015,9.34382
1109066019510,53765.4586050925,13.149929,0.0518471797652635,185.36016,9.34383
1109066019510,53765.4652423379,13.160185,0.0518450662943764,185.36016,9.34383
1109066019510,53905.2317479052,13.094501,0.0599881586995499,185.36011,9.34375
1109066019510,53905.232812303,13.096664,0.0600778011733393,185.36035,9.34396
1109066019510,53905.233853565,13.104075,0.0601108026445745,185.36005,9.34376
1109066019510,53905.2349080093,13.052418,0.0597331170154101,185.36025,9.34399
1109066019510,53797.3426731019,13.348238,0.052304297758212,185.36016,9.34382
1109066019510,53797.3505123844,13.312415,0.0522449861798293,185.36015,9.34382
1109066019510,53797.3579774536,13.261498,0.0524820612749931,185.36015,9.34383
1109066019510,53797.3656971646,13.272011,0.0520719505871244,185.36016,9.34383
1109066019510,53816.4406316319,13.293734,0.053231175806037,185.36016,9.34383
1109066019510,53816.4456267824,13.293843,0.0532636940359215,185.36015,9.34384
1109066019510,53816.4508123381,13.326159,0.0533542814185229,185.36016,9.34382
1109066019510,53816.4558168749,13.302559,0.0533095743439966,185.36014,9.34382
1109066019510,53857.2525191433,13.256543,0.052330918219749,185.36013,9.34381
1109066019510,53857.257397396,13.253471,0.0523652674539413,185.3601,9.34373
1109066019510,53857.2622682406,13.237724,0.052560435475309,185.36015,9.34383
1109066019510,53857.2671462614,13.219163,0.0524324254867034,185.36015,9.34381
1109066019510,53876.2142495024,13.329146,0.0524260827720345,185.36014,9.34385
1109066019510,53876.221846065,13.344338,0.0524477984350257,185.36014,9.34383
1109066019510,53876.2293903008,13.313697,0.0523891748125927,185.36017,9.34384
1109066019510,53876.2369541088,13.285418,0.0523410780701499,185.36017,9.34384
1109066019510,54201.283744236,13.191012,0.0518898182360394,185.36014,9.34382
1109066019510,54201.293200023,13.209428,0.051924553671624,185.36015,9.34385
1109066019510,54201.3026634608,13.220219,0.0519535850662358,185.36014,9.34384
1109066019510,54201.3121202895,13.250541,0.0520170820280795,185.36014,9.34381
1109066019510,54212.2212509145,13.2856,0.0519830944167442,185.36016,9.34382
1109066019510,54212.2305417592,13.284793,0.0519803498035367,185.36017,9.34383
1109066019510,54212.2398471991,13.25927,0.0519294811959765,185.36016,9.34382
1109066019510,54212.2491364353,13.237189,0.0518908848785472,185.36015,9.34382
1109066019510,54159.422925185,13.375985,0.0521142282708738,185.36015,9.34385
1109066019510,54159.4309093752,13.403054,0.0522357415997482,185.36015,9.34386
1109066019510,54159.4388361573,13.433001,0.0522387983836629,185.36015,9.34383
1109066019510,54159.4466879396,13.444406,0.0522506411667788,185.36015,9.34382
1109066019510,54127.3667313078,13.211709,0.0520978368245141,185.36016,9.34383
1109066019510,54127.3757883565,13.193625,0.0520516532970317,185.36017,9.34383
1109066019510,54127.3849105671,13.188069,0.0520279447409079,185.36017,9.34382
1109066019510,54127.394009861,13.167227,0.0519842352793808,185.36016,9.34381
1109066019510,54265.1990722572,13.299561,0.05232219855927,185.36014,9.34381
1109066019510,54265.207217685,13.296259,0.0523229876941742,185.36017,9.34382
1109066019510,54265.2153955209,13.267417,0.0522782676706015,185.36015,9.34386
1109066019510,54265.2235425692,13.254616,0.0522704870847734,185.36013,9.34383
1109066019510,54171.3363893172,13.181502,0.0517351799959712,185.36015,9.34383
1109066019510,54171.3447956364,13.161652,0.0516965251716914,185.36013,9.34384
1109066019510,54171.353188993,13.17897,0.0517278583655403,185.36015,9.34381
1109066019510,54171.3616014468,13.1796,0.0517315571540403,185.36015,9.34383
1109066019510,54179.3205934027,13.354449,0.0520883188152468,185.36015,9.34381
1109066019510,54179.3283024654,13.373069,0.0521304647573804,185.36014,9.34384
1109066019510,54179.3351782756,13.4079,0.0522074793788894,185.36014,9.34384
1109066019510,54179.34206022,13.381956,0.0522350148214027,185.36015,9.3438
1109066019510,54233.2575906827,13.291643,0.0521846434839459,185.36015,9.34382
1109066019510,54233.2645872105,13.298671,0.0521895621396075,185.36018,9.34383
1109066019510,54233.2716181134,13.286739,0.0521686139860356,185.36016,9.34383
1109066019510,54233.2786429976,13.273794,0.0521634099713131,185.36018,9.34381
1109066019510,54242.1904476159,13.140431,0.0518879890460861,185.36018,9.34382
1109066019510,54242.1977620949,13.151006,0.0519056941331067,185.36016,9.34384
1109066019510,54242.2049992709,13.168808,0.0519490238492785,185.36014,9.34383
1109066019510,54242.2122384026,13.180403,0.0519670713989531,185.36016,9.34383
1109066019510,54562.3566092476,13.27609,0.0520739107120124,185.36012,9.34386
1109066019510,54562.3617680674,13.241901,0.0520152528539078,185.36014,9.34384
1109066019510,54562.366932685,13.272948,0.0520829922305496,185.36014,9.34383
1109066019510,54562.3720961344,13.256804,0.052064290825563,185.36016,9.34384
1109066019510,54568.2745209606,13.16487,0.0517029344525646,185.36016,9.34384
1109066019510,54568.2852617707,13.168834,0.051711370882459,185.36015,9.34385
1109066019510,54568.2960276967,13.165329,0.0517056165717349,185.36015,9.34384
1109066019510,54568.3067307756,13.232605,0.0518391147052678,185.36014,9.34383
1109066019510,54502.4065725114,13.392147,0.0520811002854741,185.36012,9.34384
1109066019510,54502.4149916782,13.4027,0.0521013632439272,185.36013,9.34385
1109066019510,54502.4234227776,13.410496,0.0521112313345678,185.36015,9.34384
1109066019510,54502.4318189118,13.3764,0.0520426560587921,185.36016,9.34386
1109066019510,54523.4257499655,13.361771,0.0520157767945388,185.36015,9.34383
1109066019510,54523.4356465279,13.398795,0.0520855584734922,185.36015,9.34383
1109066019510,54523.4455479398,13.436804,0.0521727164957642,185.36017,9.34386
1109066019510,54523.4555037618,13.427443,0.0521556985313724,185.36016,9.34381
1109066019510,54476.4321452892,13.274822,0.0518815489036563,185.36014,9.34383
1109066019510,54476.4414187847,13.26672,0.0518536503138095,185.36016,9.34384
1109066019510,54476.4498898033,13.320915,0.0519544335719863,185.36015,9.34384
1109066019510,54476.4583182293,13.341209,0.0519892567094738,185.36015,9.34383
1109066019510,54483.4415500229,13.288992,0.0518870855343929,185.36015,9.34383
1109066019510,54496.3916312964,13.395784,0.0520937625631159,185.36017,9.34385
1109066019510,54496.3959995718,13.404675,0.0521030345266848,185.36015,9.34383
1109066019510,54496.400339942,13.406848,0.0521122776645636,185.36012,9.34382
1109066019510,54496.4047016203,13.398606,0.0520850401005026,185.36014,9.34384
1109066019510,54532.2747667362,13.535177,0.0511379184984693,185.36018,9.34384
1109066019510,54532.2872438543,13.522655,0.0511194616918648,185.36015,9.34384
1109066019510,54532.2997048958,13.50981,0.0510950497527886,185.36018,9.34382
1109066019510,54532.3122158218,13.482354,0.0510749248962677,185.36016,9.34383
1109066019510,54535.2710310185,13.243442,0.052818150831245,185.3601,9.34377
1109066019510,54535.2714456252,13.242705,0.0528190188939368,185.36015,9.3438
1109066019510,54535.2718611459,13.241113,0.052812107379049,185.36018,9.34382
1109066019510,54535.2722781828,13.244642,0.0528184269812258,185.36015,9.34378
1109066019510,54554.262622037,13.462947,0.0523062597495443,185.36014,9.34385
1109066019510,54554.269625972,13.445999,0.0522779675897753,185.36014,9.34385
1109066019510,54554.2766544446,13.4204,0.0522155137566947,185.36014,9.34382
1109066019510,54554.2836698494,13.36793,0.0521098375493256,185.36017,9.34384
1109066019510,54587.1814072914,13.191496,0.0517826677400959,185.36012,9.34384
1109066019510,54587.1867761919,13.191893,0.0517768067726298,185.36014,9.34385
1109066019510,54587.1921645487,13.190491,0.0517800998949184,185.36014,9.34384
1109066019510,54587.1975453706,13.182067,0.0517653003481893,185.36015,9.34384
1109066019510,54794.523024641,13.276315,0.051878306949944,185.36014,9.34384
1109066019510,54794.5295585301,13.267809,0.0518581372142801,185.36016,9.34385
1109066019510,54794.5353957405,13.23665,0.0520970756287572,185.36014,9.34386
1109066019510,54794.5416561226,13.281352,0.052068748557757,185.36015,9.34385
1109066019510,54924.298036655,13.348266,0.0520828746366696,185.36014,9.34385
1109066019510,54924.3027593633,13.301482,0.0520089826729303,185.36015,9.34382
1109066019510,54924.3075240739,13.318988,0.0520384254923357,185.36014,9.34384
1109066019510,54924.3124121642,13.309326,0.0520137491402128,185.36015,9.34385
1109066019510,54948.2971640974,13.442439,0.0523488119147262,185.36015,9.34386
1109066019510,54948.303649514,13.451813,0.0523748632877952,185.36016,9.34384
1109066019510,54948.3102871063,13.44111,0.0523553187969124,185.36017,9.34385
1109066019510,54948.3169393055,13.458325,0.0524017382267609,185.36015,9.34386
1109066019510,55183.4941311344,13.405939,0.0521696949979901,185.36012,9.34384
1109066019510,55183.4993606829,13.383241,0.0521115800167783,185.36013,9.34384
1109066019510,55183.5045871064,13.367945,0.0520533524695575,185.36014,9.34383
1109066019510,55183.5097723263,13.3435,0.0520050189750878,185.36013,9.34384
1109066019510,54863.4716763543,13.26207,0.0518057109974661,185.36016,9.34384
1109066019510,54863.477152199,13.25308,0.0517890570903002,185.36015,9.34384
1109066019510,54863.48257794,13.229713,0.0517467055557541,185.36016,9.34384
1109066019510,54863.4879576042,13.208293,0.0517074884286075,185.36014,9.34384
1109066019510,54882.4462262155,13.221396,0.0517465098331136,185.36014,9.34384
1109066019510,54882.4532089699,13.217276,0.0517412380177439,185.36015,9.34385
1109066019510,54882.4603493749,13.207045,0.0517333847127422,185.36015,9.34384
1109066019510,54882.4675076041,13.212763,0.0517412557269864,185.36016,9.34384
1109066019510,54856.4189508101,13.182645,0.0516380241614451,185.36015,9.34382
1109066019510,54856.4281247687,13.219148,0.0516995161498941,185.36014,9.34383
1109066019510,54856.4373887731,13.250617,0.0517556287713033,185.36015,9.34385
1109066019510,54856.4465509146,13.255944,0.0517518508784522,185.36014,9.34383
1109066019510,54908.3370120255,13.28567,0.0519036574272217,185.36014,9.34384
1109066019510,54908.3418774307,13.269235,0.0518545482856863,185.36016,9.34384
1109066019510,54908.346698727,13.248931,0.0518481699396376,185.36014,9.34383
1109066019510,54908.3515765164,13.265621,0.0518485584703606,185.36015,9.34384
1109066019510,54917.31247456,13.266715,0.051916104413711,185.36013,9.34378
1109066019510,54917.3184644445,13.292774,0.05195848267461,185.36014,9.3438
1109066019510,54917.3244132525,13.295216,0.0519607948550509,185.36013,9.34383
1109066019510,54917.3304235069,13.294925,0.0519663105172451,185.36012,9.34385
1109066019510,54968.1754987268,13.269559,0.0521343141833818,185.36014,9.34384
1109066019510,54968.1828046641,13.306447,0.0522120552269379,185.36013,9.34384
1109066019510,54968.1901564351,13.316147,0.0522272432126677,185.36013,9.34381
1109066019510,54968.1974308798,13.360957,0.0523260498771411,185.36014,9.34383
1109066019510,55156.5141441897,13.233837,0.0519437957503727,185.36013,9.34384
1109066019510,55156.5201312965,13.257783,0.0519812929149865,185.36015,9.34382
1109066019510,55156.5262081712,13.246798,0.0519456061831365,185.36014,9.34384
1109066019510,55156.5323185185,13.216742,0.0518786257667361,185.36015,9.34385
1109066019510,55290.2100122916,13.27416,0.052002236440221,185.36016,9.34384
1109066019510,55290.2169633336,13.236119,0.0519271031091595,185.36016,9.34384
1109066019510,55290.2238920601,13.217038,0.0518853206382755,185.36016,9.34384
1109066019510,55290.2308134837,13.183192,0.0518115417240506,185.36016,9.34384
1109066019510,55299.2126594329,13.307352,0.0555031169342051,185.36012,9.34382
1109066019510,55299.2167452894,13.284522,0.0554033982780997,185.36014,9.34384
1109066019510,55299.2207683682,13.278414,0.0553749118450762,185.36014,9.34384
1109066019510,55299.2248415973,13.257712,0.0552762323667187,185.36015,9.34386
1109066019510,55536.4824173842,13.197227,0.0527094583542259,185.36014,9.34383
1109066019510,55536.4940539701,13.22845,0.0535810577692568,185.36014,9.34384
1109066019510,55536.4999144445,13.228528,0.0579592042084458,185.36014,9.34384
1109066019510,55246.4417592939,13.230515,0.0520437045243126,185.36016,9.34384
1109066019510,55246.4508354166,13.220053,0.0519057552875983,185.36016,9.34384
1109066019510,55246.4600172802,13.202992,0.051851018895457,185.36016,9.34384
1109066019510,55246.4691098263,13.214097,0.0518670932644564,185.36016,9.34384
1109066019510,55349.1525637151,13.502448,0.0514054945428199,185.36013,9.34385
1109066019510,55349.160551632,13.500904,0.0514104294738573,185.36017,9.34385
1109066019510,55349.1686236921,13.481281,0.0513873714781732,185.36015,9.34384
1109066019510,55349.1766159955,13.416741,0.0531069925740985,185.36009,9.34383
1109066019510,55260.4036387382,13.226954,0.0518547826514606,185.36016,9.34384
1109066019510,55260.408722199,13.25407,0.0518944337691506,185.36017,9.34384
1109066019510,55260.41385544,13.224479,0.0518491609459959,185.36015,9.34383
1109066019510,55260.4189760997,13.246244,0.0519048994074925,185.36015,9.34384
1109066019510,55267.4461626387,13.29223,0.0520477698683597,185.36016,9.34384
1109066019510,55267.4519899306,13.281474,0.052031236689446,185.36016,9.34384
1109066019510,55267.4578095488,13.26379,0.0519999003929,185.36016,9.34383
1109066019510,55267.4636855787,13.26411,0.0520140497380105,185.36017,9.34384
1109066019510,55275.3874073494,13.193955,0.0518038674079345,185.36016,9.34383
1109066019510,55275.3937298842,13.208858,0.0518218471108446,185.36016,9.34383
1109066019510,55275.4000833449,13.199346,0.0518127471884565,185.36017,9.34384
1109066019510,55275.4064919096,13.201111,0.0518232344000482,185.36016,9.34382
1109066019510,55325.2520012036,13.246964,0.0519291278226041,185.36015,9.34383
1109066019510,55325.2594965971,13.273236,0.0519931703216239,185.36013,9.34384
1109066019510,55325.2669463195,13.297573,0.0520458040764315,185.36013,9.34387
1109066019510,55325.2744868863,13.307437,0.0520603915678625,185.36016,9.34386
1109066019510,55336.2266725809,13.249568,0.0519454481895131,185.36017,9.34383
1109066019510,55336.23464897,13.229154,0.0519061732598374,185.36014,9.34384
1109066019510,55336.2427383219,13.226035,0.0519039525358378,185.36014,9.34385
1109066019510,55336.2507878123,13.210753,0.0518836984327499,185.36014,9.34386
1109066019510,55655.3106705438,13.405314,0.0517389470021607,185.3601,9.34383
1109066019510,55655.3176097915,13.427112,0.0517892509803524,185.36011,9.34384
1109066019510,55655.3245154744,13.406607,0.0517464831462713,185.36013,9.34383
1109066019510,55655.3314526275,13.350747,0.0516513005994318,185.36013,9.34384
1109066019510,55663.187150104,13.445178,0.0525466922868927,185.36011,9.34383
1109066019510,55663.1923657637,13.408154,0.0524569814618677,185.36011,9.34385
1109066019510,55663.1975848959,13.419,0.0524804050214034,185.36012,9.34383
1109066019510,55663.2027515974,13.424602,0.0524899268129604,185.36013,9.34384
1109066019510,55674.1548183682,13.196922,0.0542148078774497,185.36012,9.34381
1109066019510,55674.1706128358,13.133032,0.0536651944757437,185.36012,9.34382
1109066019510,55674.1786229862,13.110184,0.0523201573669661,185.36011,9.34382
1109066019510,55676.1746077201,13.243777,0.0527271800111548,185.36014,9.34385
1109066019510,55676.1806631366,13.227493,0.052685316812629,185.3601,9.34386
1109066019510,55676.1866790627,13.21406,0.0526237632038417,185.36011,9.34381
1109066019510,55676.1927218636,13.205659,0.0526533931471292,185.36011,9.34385
1109066019510,55603.3755797803,13.338317,0.0515758911408621,185.36013,9.34384
1109066019510,55603.3846045256,13.343543,0.0515778894431714,185.36013,9.34385
1109066019510,55603.39367478,13.354823,0.051599388008229,185.36014,9.34383
1109066019510,55603.40273331,13.375627,0.0516258803825072,185.36013,9.34384
1109066019510,55617.4764111457,13.169054,0.051830999308036,185.36015,9.34385
1109066019510,55617.4845217015,13.210338,0.0519209666166661,185.36014,9.34385
1109066019510,55617.4926296179,13.226649,0.0519514240382649,185.36014,9.34384
1109066019510,55617.5007326966,13.213681,0.0519356192568909,185.36014,9.34384
1109066019510,55577.450582558,13.172886,0.0526251369569761,185.36016,9.34383
1109066019510,55577.4579235415,13.185402,0.0526635850299979,185.36013,9.34384
1109066019510,55577.4653168402,13.202989,0.0527151890440536,185.36014,9.34383
1109066019510,55577.4727834605,13.223448,0.052800850226961,185.36015,9.34382
1109066019510,55624.3892969329,13.242958,0.0514929610075161,185.36013,9.34383
1109066019510,55624.4003598959,13.271393,0.0515423346893851,185.36014,9.34384
1109066019510,55624.4114916086,13.299028,0.0515897730071374,185.36013,9.34383
1109066019510,55624.4225600114,13.319446,0.0516240142580847,185.36015,9.34384
1109066019510,55631.3676553586,13.276482,0.0515485321519691,185.36015,9.34384
1109066019510,55631.3759114699,13.26701,0.0515385321088865,185.36014,9.34384
1109066019510,55631.3842309838,13.281327,0.0515588302208382,185.36015,9.34384
1109066019510,55631.3926323264,13.293285,0.0515855203151243,185.36015,9.34385
1109066019510,55644.2759630326,13.230204,0.052071519298643,185.36013,9.34383
1109066019510,55644.2825448494,13.200928,0.0520162117207948,185.36014,9.34385
1109066019510,55644.2891765507,13.233085,0.0520866430246837,185.36015,9.34386
1109066019510,55644.295855023,13.232748,0.0520847809929057,185.36013,9.34384
1109066019510,55705.1433639121,13.207853,0.0520788477166402,185.36016,9.34386
1109066019510,55705.1524970257,13.186661,0.0520441606512115,185.36016,9.34384
1109066019510,55705.1616931018,13.162747,0.0519858560281908,185.36014,9.34385
1109066019510,55705.1708158101,13.198302,0.0520514926827542,185.36015,9.34383
1109066019510,53828.285661655,13.190585,0.0526694322378776,185.36014,9.34383
1109066019510,54483.4459555671,13.304409,0.051915004893137,185.36015,9.34383
1109066019510,54483.452503345,13.323684,0.0519527265536308,185.36012,9.34385
1109066019510,54483.4590528589,13.292856,0.0518838985858542,185.36013,9.34384
1109066019510,54483.4657120947,13.310997,0.0519186875984868,185.36015,9.34384
1109066019510,55299.2323205439,13.220006,0.0518248137311795,185.36013,9.34383
1109066019510,55299.2392612733,13.20345,0.0517971077345748,185.36014,9.34384
1109066019510,55299.2462684838,13.18526,0.0517602292269951,185.3601,9.34385
1109066019510,55299.2532172455,13.159502,0.0517094839337283,185.36013,9.34383
1109066019510,55267.5012012154,13.189904,0.0529306039453804,185.36016,9.34384
1109066019510,55267.5040054053,13.182132,0.0529269054550933,185.36016,9.34382
1109066019510,55267.5068318287,13.18126,0.0529368151861205,185.36015,9.34385
1109066019510,55267.5096649538,13.185184,0.0529525871420005,185.36017,9.34385
1109066019510,55565.4928079052,13.396672,0.0522477973612618,185.36013,9.34384
1109066019510,55565.500374896,13.42959,0.0523230158859447,185.36013,9.34382
1109066019510,55565.5079782871,13.426154,0.0523194401508002,185.36013,9.34384
1109066019510,55565.5155942822,13.440051,0.0525546340696177,185.36013,9.34382
1109066019510,53828.3339799191,13.24971,0.05359369836121,185.36015,9.34381
1109066019510,53828.3555393173,13.194191,0.0521105582843104,185.36016,9.34382
1109066019510,53828.3577282061,13.267239,0.0533419089376707,185.3601,9.34373
1109066019510,53828.362308993,13.167582,0.0520254027851093,185.3601,9.34373
1109066019510,55892.5133475694,13.318786,0.052043373935547,185.36015,9.34385
1109066019510,55892.5179843749,13.323804,0.0520629241417237,185.36016,9.34385
1109066019510,55892.5226612846,13.3198,0.0520524451944764,185.36014,9.34386
1109066019510,55892.5273641781,13.330706,0.052066494517431,185.36015,9.34387
1109066019510,55920.4557565162,13.315752,0.0520821340443592,185.36018,9.34386
1109066019510,55920.4649927663,13.332148,0.0521048036795301,185.36015,9.34385
1109066019510,55920.474261655,13.365309,0.0521634600319295,185.36015,9.34386
1109066019510,55920.4834194905,13.417609,0.0522634524397516,185.36016,9.34383
1109066019510,55927.4846281479,13.299147,0.0520290598786767,185.36015,9.34387
1109066019510,55927.4938017707,13.272846,0.0519583442953392,185.36016,9.34386
1109066019510,55927.5031168405,13.258102,0.0519345331988222,185.36015,9.34385
1109066019510,55927.5123406136,13.246085,0.0519075199134763,185.36017,9.34387
1109066019510,55959.4449003008,13.223812,0.0518695134436857,185.36016,9.34386
1109066019510,55959.4505544095,13.230788,0.0518797422974704,185.36017,9.34383
1109066019510,55959.4562087501,13.198151,0.0518061887490116,185.36016,9.34386
1109066019510,55959.4619293981,13.208383,0.0518327808458223,185.36016,9.34387
1109066019510,55975.4680894562,13.178139,0.0518374005209132,185.36014,9.34385
1109066019510,55975.4753653705,13.208909,0.0518967178712647,185.36016,9.34385
1109066019510,55975.4826997803,13.201214,0.051885420846649,185.36017,9.34385
1109066019510,55975.4899718054,13.207371,0.0519075505367578,185.36015,9.34384
1109066019510,55982.4403255209,13.341081,0.0521143126229212,185.36016,9.34386
1109066019510,55982.44596978,13.350396,0.0521316733455443,185.36016,9.34386
1109066019510,55982.4517066437,13.345185,0.0521298303947394,185.36015,9.34385
1109066019510,55982.4573303009,13.390703,0.052218759420275,185.36016,9.34385
1109066019510,55988.3144172337,13.314908,0.0520871030581422,185.36014,9.34384
1109066019510,55988.3201045487,13.320126,0.0520888975913394,185.36015,9.34384
1109066019510,55988.3258012384,13.30569,0.0520568844044218,185.36013,9.34385
1109066019510,55988.3314976967,13.291761,0.0520346278477679,185.36015,9.34384
1109066019510,55999.3348212387,13.279745,0.0519989100017626,185.36016,9.34386
1109066019510,55999.3399313311,13.277166,0.0519829098047373,185.36017,9.34385
1109066019510,55999.3449586807,13.315088,0.052062970445875,185.36016,9.34383
1109066019510,55999.3500021063,13.338742,0.0521172684269739,185.36017,9.34385
1109066019510,56007.3703939932,13.298956,0.0514852582516684,185.36017,9.34384
1109066019510,56007.3807088657,13.282514,0.0514655504115105,185.36017,9.34385
1109066019510,56007.3909737038,13.299627,0.0514973147638686,185.36018,9.34385
1109066019510,56007.4013129513,13.291543,0.0514866710234421,185.36019,9.34384
1109066019510,56016.3390141898,13.325272,0.0521482673838088,185.36016,9.34386
1109066019510,56016.3459298378,13.307126,0.0521119769079682,185.36016,9.34385
1109066019510,56016.3528823843,13.293238,0.0520884959637706,185.36017,9.34384
1109066019510,56016.3598400462,13.258565,0.0520243807093108,185.36016,9.34386
1109066019510,56029.2002891204,13.168071,0.0518490637516935,185.36016,9.34384
1109066019510,56029.20543544,13.124785,0.0527053440089949,185.36013,9.34384
1109066019510,56029.210536412,13.193768,0.0518943126109859,185.36015,9.34385
1109066019510,56029.2155713891,13.189453,0.0518881396977667,185.36016,9.34386
1109066019510,56035.2183812615,13.205177,0.0519287018327981,185.36016,9.34383
1109066019510,56035.2239266089,13.216236,0.0519472505311823,185.36015,9.34385
1109066019510,56035.229547523,13.214014,0.0519428915414135,185.36015,9.34384
1109066019510,56035.2351333331,13.242176,0.0519934331295232,185.36014,9.34385
1109066019510,56263.5260009258,13.4112,0.0523040892013342,185.36015,9.34385
1109066019510,56263.5293893982,13.36605,0.0522062118222489,185.36017,9.34385
1109066019510,56263.5328511689,13.379932,0.0522307282623267,185.36016,9.34386
1109066019510,56263.5362335071,13.359263,0.0521843636980501,185.36015,9.34385
1109066019510,56301.4496607408,13.388264,0.0522296094256023,185.36015,9.34385
1109066019510,56301.4547922453,13.396893,0.0522488914475136,185.36016,9.34384
1109066019510,56301.4599007405,13.361528,0.0521713307789504,185.36017,9.34385
1109066019510,56301.4650290045,13.342651,0.0521198920927622,185.36015,9.34386
1109066019510,56311.4685065509,13.156586,0.0518171842297772,185.36015,9.34387
1109066019510,56311.473642014,13.17304,0.051858333109395,185.36016,9.34385
1109066019510,56311.4787673843,13.184902,0.0519011163876569,185.36014,9.34386
1109066019510,56311.4839134836,13.185983,0.0519003449756516,185.36015,9.34387
1109066019510,56339.3770501507,13.420733,0.0522754059679731,185.36016,9.34386
1109066019510,56339.3820821182,13.418331,0.0522799466194843,185.36016,9.34385
1109066019510,56339.387208553,13.378789,0.0521973084939375,185.36016,9.34387
1109066019510,56339.3922881945,13.357567,0.0521447095054013,185.36016,9.34384
1109066019510,56346.438783125,13.283716,0.052007442196023,185.36017,9.34383
1109066019510,56346.445070243,13.293131,0.0520311350961198,185.36018,9.34385
1109066019510,56346.4512890973,13.341652,0.0521292329141348,185.36017,9.34384
1109066019510,56346.457593808,13.368956,0.0521955375556328,185.36016,9.34387
1109066019510,56356.3805436459,13.20627,0.0519524405166891,185.36016,9.34385
1109066019510,56356.385639919,13.179706,0.051901542906932,185.36016,9.34387
1109066019510,56356.3907651738,13.186269,0.0521426631937017,185.36016,9.34384
1109066019510,56356.3958855672,13.196437,0.0520936083996446,185.36017,9.34386
1109066019510,56365.3000203933,13.469633,0.0518096888742028,185.36015,9.34387
1109066019510,56365.3074740855,13.453775,0.0517874702623418,185.36015,9.34385
1109066019510,56365.3150041088,13.412403,0.0517061743672798,185.36014,9.34385
1109066019510,56365.3225296064,13.397304,0.0516813703558877,185.36018,9.34383
1109066019510,56371.2336264006,13.205458,0.0530967878624742,185.36012,9.34384
1109066019510,56371.2369611804,13.294662,0.0535464928731477,185.36014,9.34386
1109066019510,56371.240396956,13.235205,0.0528491216421298,185.36015,9.34385
1109066019510,56371.2437623958,13.268048,0.0525863956147311,185.36013,9.34385
1109066019510,55949.370659132,13.253862,0.0519726692285732,185.36016,9.34386
1109066019510,55949.3807902201,13.288015,0.0520264594323356,185.36015,9.34384
1109066019510,55949.3910722453,13.313578,0.0520669821662393,185.36014,9.34384
1109066019510,55949.4012814816,13.352005,0.0521360042049381,185.36014,9.34385
1109066019510,56383.2404865855,13.242495,0.0519983161461096,185.36016,9.34387
1109066019510,56383.2488983451,13.267348,0.0520415515559674,185.36016,9.34385
1109066019510,56383.2573724422,13.281715,0.052062252921534,185.36017,9.34386
1109066019510,56383.2659070254,13.314736,0.052127916990777,185.36016,9.34386
1109066019510,56397.204503993,13.447154,0.0524460735577488,185.36016,9.34386
1109066019510,56397.2118049539,13.459546,0.0524680513761737,185.36016,9.34385
1109066019510,56397.2191168056,13.468644,0.0524942338025103,185.36017,9.34386
1109066019510,56397.2263951851,13.420652,0.0524065496996207,185.36015,9.34387
1109066019510,56423.212164178,13.204084,0.0525456366224583,185.36015,9.34384
1109066019510,56423.2193887499,13.221289,0.0520888621485365,185.36018,9.34385
1109066019510,56423.2483825926,13.195298,0.0521198194772717,185.36014,9.34386
1109066019510,56423.2556659607,13.223055,0.0522837626833399,185.36016,9.34385
1109066019510,56444.1790248845,13.433123,0.0524990646156871,185.36015,9.34387
1109066019510,56444.1852151272,13.420504,0.0524721679144533,185.36015,9.34386
1109066019510,56444.1914426503,13.411231,0.0524564542380877,185.36016,9.34384
1109066019510,56444.1976504861,13.359725,0.0523496164214245,185.36016,9.34385
