1109066027916,53466.262670706,13.563838,0.0524952528285381,185.45306,9.70085
1109066027916,53466.2701926157,13.447076,0.0522388911224542,185.45307,9.70086
1109066027916,53466.2777270139,13.285825,0.0519124910661624,185.45307,9.70086
1109066027916,53466.2852693982,13.165252,0.0516898563424835,185.45307,9.70086
1109066027916,53710.5182268056,13.149055,0.0517772087601336,185.45307,9.70084
1109066027916,53710.5241839234,13.247215,0.0519470079559043,185.45306,9.70085
1109066027916,53710.5302468403,13.354503,0.0521629219806128,185.45306,9.70085
1109066027916,53710.5363268866,13.501504,0.0524757619139858,185.45305,9.70086
1109066027916,53731.4827815974,12.9207544,0.0514306412133163,185.4531,9.70086
1109066027916,53731.4908661461,12.8549558,0.0513529874240657,185.4531,9.70087
1109066027916,53731.4989327546,12.7922288,0.0513492153003639,185.45306,9.70086
1109066027916,53731.5070022452,12.7326994,0.0512508050117192,185.45311,9.70085
1109066027916,53553.1607967592,13.155854,0.0520388797100534,185.45308,9.70087
1109066027916,53553.167219074,13.165712,0.0520737122286179,185.45305,9.70089
1109066027916,53553.1737027313,13.201713,0.052165652059656,185.45303,9.70088
1109066027916,53553.1801176271,13.354555,0.0525118005613564,185.45305,9.70084
1109066027916,53528.1923725926,12.9652142,0.051527613812769,185.45308,9.70088
1109066027916,53528.199861736,12.994708,0.0515667181610624,185.45308,9.70086
1109066027916,53528.2073545833,13.006904,0.0515962925252638,185.45307,9.70087
1109066027916,53528.2148296065,13.057028,0.0516914647502951,185.45307,9.70088
1109066027916,53499.1875439929,12.8557202,0.051339899810767,185.45308,9.70087
1109066027916,53499.192912315,12.8330444,0.051311569345676,185.45304,9.7009
1109066027916,53499.1982489238,12.8302388,0.0513071194374778,185.4531,9.70087
1109066027916,53499.2035847223,12.8996438,0.0513882409268327,185.45311,9.70086
1109066027916,53520.2293576272,13.502642,0.0581024628782757,185.45304,9.70088
1109066027916,53520.2358309836,12.9214796,0.0515969606449446,185.45308,9.70086
1109066027916,53520.2422384839,12.9258966,0.0516567960443917,185.45307,9.70088
1109066027916,53520.2486779168,12.8215014,0.0514785218563424,185.45309,9.70087
1109066027916,53704.4905420137,13.433381,0.0525037033205955,185.45306,9.70087
1109066027916,53704.4970415277,13.287358,0.0522286624373789,185.45306,9.70086
1109066027916,53704.5036226506,13.17107,0.0520285303461512,185.45306,9.70085
1109066027916,53704.5101560764,13.083192,0.0518699090436282,185.45307,9.70087
1109066027916,53828.2370174537,12.8045586,0.0530746904421534,185.45307,9.70088
1109066027916,53828.2395742941,12.8072788,0.0527006005336439,185.45308,9.70084
1109066027916,53828.2422167938,12.840561,0.0524147159021579,185.45308,9.70085
1109066027916,53828.2447471181,12.8437894,0.0535670096128139,185.45307,9.70087
1109066027916,53843.2669437039,13.217687,0.052150025199132,185.45306,9.70086
1109066027916,53843.2750442247,13.326016,0.0523774411833765,185.45307,9.70085
1109066027916,53843.2831501737,13.502176,0.0527763651390483,185.45306,9.70085
1109066027916,53843.2912063659,13.553134,0.0529102300676533,185.45304,9.70085
1109066027916,54085.4606486112,12.955459,0.0514384483663757,185.45309,9.70086
1109066027916,54085.4736045832,12.999398,0.051546084359233,185.45306,9.70086
1109066027916,54085.4857346993,13.03256,0.0515138151097587,185.45309,9.70086
1109066027916,54085.4961918173,12.9653332,0.051767554361753,185.4531,9.70084
1109066027916,54095.4426578586,13.037498,0.0515075690547565,185.45307,9.70087
1109066027916,54095.4545437498,13.119036,0.051621570814381,185.45307,9.70087
1109066027916,54095.4664585763,13.242533,0.051827558843595,185.45307,9.70086
1109066027916,54095.4783318518,13.460514,0.0522492118364337,185.45307,9.70086
1109066027916,53772.4464887614,12.8181778,0.0513072187491487,185.45307,9.70087
1109066027916,53772.4540540627,12.820737,0.0513112524850903,185.45309,9.70087
1109066027916,53772.461676551,12.8477612,0.051346941969066,185.45308,9.70087
1109066027916,53772.4692644212,12.8287786,0.0513243659315639,185.45307,9.70088
1109066027916,53774.4295112267,13.021183,0.0515944844693517,185.45308,9.70086
1109066027916,53774.4370033797,12.985132,0.0515475820312696,185.45308,9.70086
1109066027916,53774.4444969213,12.919381,0.0514942786068542,185.45309,9.70086
1109066027916,53774.452044514,12.9075678,0.0515093559510691,185.45308,9.70087
1109066027916,53789.375011771,13.672263,0.0647741834430794,185.4531,9.70085
1109066027916,53789.3807586921,13.736971,0.0763565294454973,185.45314,9.70099
1109066027916,53789.3865118749,13.669315,0.088716638675152,185.45304,9.70087
1109066027916,53743.433588854,12.9892284,0.0515743758418754,185.45308,9.70088
1109066027916,53743.439945648,12.9707162,0.0515456621329843,185.45309,9.70087
1109066027916,53743.4463089234,12.9591634,0.0515353004179821,185.45308,9.70089
1109066027916,53743.4526722105,12.8755568,0.0514274202944428,185.45309,9.70085
1109066027916,53758.402252778,13.301046,0.0521183196709443,185.45306,9.70085
1109066027916,53758.4081154512,13.200552,0.0519222368925196,185.45306,9.70085
1109066027916,53758.4140960765,13.141555,0.051804353756524,185.45306,9.70084
1109066027916,53758.4200633797,13.091779,0.0517093117675836,185.45307,9.70085
1109066027916,53765.4455528241,13.359127,0.0522578375545071,185.45304,9.70085
1109066027916,53765.4520865972,13.480039,0.0525228623708245,185.45305,9.70085
1109066027916,53765.4586050925,13.563629,0.0527210894470578,185.45306,9.70084
1109066027916,53765.4652423379,13.531985,0.0526189043275738,185.45305,9.70085
1109066027916,53905.2317479052,12.8226214,0.0585289837631917,185.45304,9.70088
1109066027916,53905.232812303,12.7874296,0.0584395431609664,185.45313,9.70091
1109066027916,53905.233853565,12.822585,0.0585759553809747,185.45302,9.70082
1109066027916,53905.2349080093,12.8101852,0.0585093890056971,185.45303,9.70087
1109066027916,53797.3426731019,12.9916532,0.05162706232092,185.45309,9.70087
1109066027916,53797.3505123844,12.970761,0.051615071184272,185.45307,9.70085
1109066027916,53797.3579774536,12.8468372,0.0517388586386285,185.45306,9.70087
1109066027916,53797.3656971646,12.8521754,0.0514052232469409,185.45308,9.70087
1109066027916,53816.4406316319,12.8216876,0.0522228112909657,185.45306,9.70088
1109066027916,53816.4456267824,12.8200202,0.0522448397866155,185.45307,9.70086
1109066027916,53816.4508123381,12.8224226,0.0522490783317699,185.45307,9.70088
1109066027916,53816.4558168749,12.8602226,0.0523226494380202,185.45307,9.70086
1109066027916,53857.2525191433,13.172343,0.0521542064263229,185.45305,9.70087
1109066027916,53857.257397396,13.295371,0.052457664040199,185.45306,9.70087
1109066027916,53857.2622682406,13.372724,0.0528853708706819,185.45304,9.70085
1109066027916,53857.2671462614,13.462263,0.0530163450332414,185.45305,9.70084
1109066027916,53876.2142495024,12.8870844,0.0516278056826168,185.45309,9.70087
1109066027916,53876.221846065,12.8790932,0.051608798858699,185.4531,9.70088
1109066027916,53876.2293903008,12.8625158,0.0515957800634818,185.45307,9.70086
1109066027916,53876.2369541088,12.9086052,0.0516623933298648,185.45308,9.70086
1109066027916,54201.283744236,13.515012,0.0525638538688984,185.45305,9.70083
1109066027916,54201.293200023,13.353528,0.0522104849587021,185.45306,9.70087
1109066027916,54201.3026634608,13.149619,0.0518214578255906,185.45306,9.70086
1109066027916,54201.3121202895,13.073241,0.0516898986392824,185.45306,9.70088
1109066027916,54212.2212509145,13.411,0.05223535834017,185.45306,9.70086
1109066027916,54212.2305417592,13.534193,0.0525022941425019,185.45307,9.70085
1109066027916,54212.2398471991,13.43587,0.0522842284572465,185.45306,9.70086
1109066027916,54212.2491364353,13.265989,0.0519453955295206,185.45306,9.70087
1109066027916,54159.422925185,12.890499,0.051320430859447,185.45308,9.70086
1109066027916,54159.4309093752,12.8575556,0.0513332864706959,185.45306,9.70086
1109066027916,54159.4388361573,12.9041014,0.0513404438931529,185.45308,9.70087
1109066027916,54159.4466879396,12.8938884,0.051320727062153,185.45307,9.70087
1109066027916,54127.3667313078,13.011909,0.05172187136879,185.45308,9.70088
1109066027916,54127.3757883565,12.930175,0.0516064129637283,185.45309,9.70087
1109066027916,54127.3849105671,12.8760566,0.051531340482802,185.45309,9.70086
1109066027916,54127.394009861,12.8278378,0.051472774851826,185.45309,9.70088
1109066027916,54265.1990722572,12.8788454,0.0515873980487013,185.45307,9.70087
1109066027916,54265.207217685,12.8635826,0.0515752512547382,185.45308,9.70089
1109066027916,54265.2153955209,12.8393038,0.051559557850755,185.45306,9.70088
1109066027916,54265.2235425692,12.8586224,0.0515978080442361,185.45304,9.7009
1109066027916,54171.3363893172,12.9925828,0.0514233674832831,185.45307,9.70087
1109066027916,54171.3447956364,12.9318928,0.0513528771714789,185.45308,9.70086
1109066027916,54171.353188993,12.949838,0.0513733631799931,185.45308,9.70086
1109066027916,54171.3616014468,12.92664,0.0513502653823853,185.45307,9.70087
1109066027916,54179.3205934027,12.9741686,0.0514255005869732,185.45308,9.70086
1109066027916,54179.3283024654,13.022269,0.0514942786068542,185.45308,9.70086
1109066027916,54179.3351782756,13.0331,0.0515162822888877,185.45307,9.70086
1109066027916,54179.34206022,13.029556,0.0515749999758273,185.45307,9.70086
1109066027916,54233.2575906827,13.089043,0.0517931819524977,185.45306,9.70086
1109066027916,54233.2645872105,13.150971,0.05189884417299,185.45307,9.70086
1109066027916,54233.2716181134,13.277239,0.0521490841016516,185.45307,9.70084
1109066027916,54233.2786429976,13.422694,0.0524834350440458,185.45308,9.70082
1109066027916,54242.1904476159,13.065731,0.0517515023676798,185.45308,9.70086
1109066027916,54242.1977620949,13.193406,0.0519866181882409,185.45307,9.70086
1109066027916,54242.2049992709,13.317208,0.052246184542405,185.45305,9.70085
1109066027916,54242.2122384026,13.478803,0.0525990610158662,185.45304,9.70086
1109066027916,54562.3566092476,13.00339,0.0515762798303716,185.45307,9.70087
1109066027916,54562.3617680674,12.9665414,0.0515384732621481,185.45307,9.70087
1109066027916,54562.366932685,12.9981072,0.0515811695635662,185.4531,9.70083
1109066027916,54562.3720961344,12.9696256,0.0515585303125793,185.45308,9.70087
1109066027916,54568.2745209606,12.894118,0.0513127026854293,185.45307,9.70085
1109066027916,54568.2852617707,12.9026076,0.0513230821510748,185.45306,9.70086
1109066027916,54568.2960276967,12.8956006,0.051315916189839,185.45307,9.70087
1109066027916,54568.3067307756,12.992587,0.051433480442464,185.45308,9.70085
1109066027916,54502.4065725114,12.8719658,0.0512521433850741,185.45304,9.70087
1109066027916,54502.4149916782,12.91852,0.0513007326245201,185.45306,9.70087
1109066027916,54502.4234227776,12.9421744,0.0513217229713009,185.45308,9.70086
1109066027916,54502.4318189118,12.94288,0.0513219365144764,185.45306,9.70086
1109066027916,54523.4257499655,13.084671,0.0515202506268316,185.45306,9.70086
1109066027916,54523.4356465279,13.036195,0.0514397509888985,185.45305,9.70085
1109066027916,54523.4455479398,13.027404,0.0514337329102818,185.45308,9.70084
1109066027916,54523.4555037618,13.003443,0.05139779782176,185.45305,9.70085
1109066027916,54476.4321452892,13.088122,0.0515533105305874,185.45308,9.70087
1109066027916,54476.4414187847,12.972028,0.0513697735882672,185.45307,9.70087
1109066027916,54476.4498898033,13.016215,0.0514251381669575,185.45308,9.70085
1109066027916,54476.4583182293,12.9956726,0.0513916371747307,185.45309,9.70086
1109066027916,54483.4415500229,13.256192,0.0518265000688593,185.45308,9.70085
1109066027916,54496.3916312964,13.012184,0.0514131534599535,185.45308,9.70085
1109066027916,54496.3959995718,12.989885,0.0513763258555824,185.45308,9.70086
1109066027916,54496.400339942,13.079148,0.0515171107855689,185.45307,9.70085
1109066027916,54496.4047016203,13.080306,0.0515102863518507,185.45304,9.70085
1109066027916,54532.2747667362,13.300277,0.050835295807891,185.45311,9.70083
1109066027916,54532.2872438543,13.419755,0.0509825097961506,185.45308,9.70083
1109066027916,54532.2997048958,13.57261,0.0511821658884735,185.45306,9.70084
1109066027916,54532.3122158218,13.716154,0.0514148996678577,185.45304,9.70082
1109066027916,54535.2710310185,12.8186188,0.051999691244533,185.4531,9.70087
1109066027916,54535.2714456252,12.816327,0.0519987340149108,185.45306,9.70089
1109066027916,54535.2718611459,12.8121382,0.0519905453047767,185.4531,9.70085
1109066027916,54535.2722781828,12.8447988,0.0520340846465468,185.45309,9.70085
1109066027916,54554.262622037,13.051547,0.0515330807219009,185.45308,9.70086
1109066027916,54554.269625972,13.021599,0.0514902465591311,185.45306,9.70086
1109066027916,54554.2766544446,12.98362,0.0514305617238788,185.45307,9.70086
1109066027916,54554.2836698494,12.993182,0.0514427165275953,185.45309,9.70086
1109066027916,54587.1814072914,12.9897744,0.0514463768284932,185.45306,9.70087
1109066027916,54587.1867761919,13.010893,0.0514694452757744,185.45305,9.70087
1109066027916,54587.1921645487,13.032591,0.0515098711471592,185.45307,9.70084
1109066027916,54587.1975453706,13.060367,0.0515556555023317,185.45307,9.70085
1109066027916,54794.523024641,13.000015,0.0514064769926625,185.45307,9.70084
1109066027916,54794.5295585301,12.9984726,0.0514010275752259,185.45307,9.70084
1109066027916,54794.5353957405,12.92685,0.0515685555299826,185.45308,9.70085
1109066027916,54794.5416561226,13.040552,0.0516256090373546,185.45306,9.70084
1109066027916,54924.298036655,13.067566,0.0515703657529397,185.45308,9.70086
1109066027916,54924.3027593633,13.061682,0.0515760283092363,185.45306,9.70085
1109066027916,54924.3075240739,13.173588,0.0517654812297594,185.45306,9.70085
1109066027916,54924.3124121642,13.188926,0.0517878114308295,185.45305,9.70086
1109066027916,54948.2971640974,13.125139,0.0517269836463699,185.45306,9.70085
1109066027916,54948.303649514,13.055313,0.0516108908452743,185.45309,9.70085
1109066027916,54948.3102871063,13.04801,0.0516013369663215,185.45307,9.70087
1109066027916,54948.3169393055,13.026825,0.0515724828408442,185.45306,9.70085
1109066027916,55183.4941311344,13.071139,0.05155181217283,185.45306,9.70085
1109066027916,55183.4993606829,13.018841,0.0514572607456401,185.45306,9.70085
1109066027916,55183.5045871064,13.024545,0.0514444342153796,185.45308,9.70084
1109066027916,55183.5097723263,13.0093,0.0514200255233555,185.45307,9.70085
1109066027916,54863.4716763543,13.06667,0.0514719811136378,185.45308,9.70086
1109066027916,54863.477152199,13.08168,0.0514958661822827,185.45307,9.70084
1109066027916,54863.48257794,13.123713,0.0515644617120801,185.45308,9.70085
1109066027916,54863.4879576042,13.156193,0.0516176742869762,185.45308,9.70085
1109066027916,54882.4462262155,13.013296,0.0514000247802805,185.45305,9.70085
1109066027916,54882.4532089699,13.018276,0.0514094885316357,185.45307,9.70085
1109066027916,54882.4603493749,12.928383,0.0513121857633705,185.45307,9.70084
1109066027916,54882.4675076041,12.9800682,0.051366190850848,185.45308,9.70086
1109066027916,54856.4189508101,13.137445,0.0515619392613388,185.45306,9.70084
1109066027916,54856.4281247687,13.319348,0.0518804306809916,185.45305,9.70085
1109066027916,54856.4373887731,13.484317,0.0522056689541994,185.45306,9.70086
1109066027916,54856.4465509146,13.578644,0.0523911720885075,185.45302,9.70084
1109066027916,54908.3370120255,13.55627,0.0524592321010822,185.45304,9.70084
1109066027916,54908.3418774307,13.476235,0.0522638572906344,185.45304,9.70084
1109066027916,54908.346698727,13.368931,0.052078296912606,185.45305,9.70084
1109066027916,54908.3515765164,13.295821,0.0519047568199975,185.45305,9.70085
1109066027916,54917.31247456,12.868561,0.0513083294047908,185.45308,9.70087
1109066027916,54917.3184644445,12.8650036,0.0512990455448528,185.45308,9.70087
1109066027916,54917.3244132525,12.7985624,0.051227493756833,185.45306,9.70086
1109066027916,54917.3304235069,12.816635,0.0512509371114301,185.45305,9.70087
1109066027916,54968.1754987268,13.026459,0.0516778584415253,185.45304,9.70087
1109066027916,54968.1828046641,12.9421058,0.0515642958747405,185.45308,9.70084
1109066027916,54968.1901564351,12.9106058,0.0515232476801674,185.45304,9.70084
1109066027916,54968.1974308798,12.8798198,0.0514904432222976,185.45308,9.70085
1109066027916,55156.5141441897,13.251137,0.0519768978848421,185.45304,9.70086
1109066027916,55156.5201312965,13.211383,0.0518931823918042,185.45305,9.70083
1109066027916,55156.5262081712,13.164298,0.051792542838137,185.45307,9.70083
1109066027916,55156.5323185185,13.143342,0.0517449186130607,185.45307,9.70085
1109066027916,55290.2100122916,13.08496,0.051655999921205,185.45307,9.70087
1109066027916,55290.2169633336,13.146919,0.0517628070960586,185.45307,9.70086
1109066027916,55290.2238920601,13.255538,0.0519580888669868,185.45305,9.70086
1109066027916,55290.2308134837,13.358792,0.052150025199132,185.45308,9.70084
1109066027916,55299.2126594329,13.008252,0.0543617815904773,185.45306,9.70082
1109066027916,55299.2167452894,12.9755308,0.0542699169921476,185.45307,9.70083
1109066027916,55299.2207683682,12.9102796,0.054111135746931,185.45307,9.70085
1109066027916,55299.2248415973,12.9101368,0.0540991848392214,185.45305,9.70084
1109066027916,55536.4824173842,12.8743178,0.0520810768006899,185.45307,9.70085
1109066027916,55536.4940539701,12.88919,0.052755476203662,185.45305,9.70085
1109066027916,55536.4999144445,12.8905592,0.0563525383953603,185.45306,9.70088
1109066027916,55246.4417592939,13.560115,0.0527671547320722,185.45305,9.70083
1109066027916,55246.4508354166,13.515753,0.0525183401539498,185.45305,9.70084
1109066027916,55246.4600172802,13.352192,0.0521401159706583,185.45306,9.70083
1109066027916,55246.4691098263,13.222997,0.0518836784192846,185.45309,9.70086
1109066027916,55349.1525637151,13.169548,0.0509379902787988,185.45308,9.70085
1109066027916,55349.160551632,13.208704,0.0509939851759088,185.45312,9.70085
1109066027916,55349.1686236921,13.238281,0.0510390376346322,185.4531,9.70083
1109066027916,55349.1766159955,13.165641,0.0524915622738251,185.45306,9.70086
1109066027916,55260.4036387382,13.297654,0.0519884383839417,185.45307,9.70085
1109066027916,55260.408722199,13.36277,0.0521053779824118,185.45306,9.70084
1109066027916,55260.41385544,13.425379,0.0522447732495225,185.45304,9.70082
1109066027916,55260.4189760997,13.533544,0.0524985536680412,185.45305,9.70085
1109066027916,55267.4461626387,13.03203,0.0515749847487038,185.45307,9.70086
1109066027916,55267.4519899306,13.064374,0.0516336744322214,185.45309,9.70087
1109066027916,55267.4578095488,13.06929,0.0516448980853788,185.45305,9.70085
1109066027916,55267.4636855787,13.13211,0.0517671557395293,185.45308,9.70087
1109066027916,55275.3874073494,13.099755,0.0516378950312906,185.45307,9.70083
1109066027916,55275.3937298842,13.179958,0.0517696221723357,185.45307,9.70084
1109066027916,55275.4000833449,13.279246,0.0519621928019416,185.45307,9.70084
1109066027916,55275.4064919096,13.396211,0.0522031256061795,185.45308,9.70086
1109066027916,55325.2520012036,13.109864,0.051680246005096,185.45306,9.70084
1109066027916,55325.2594965971,13.182936,0.0518232629232599,185.45303,9.70083
1109066027916,55325.2669463195,13.262673,0.0519776869700122,185.45302,9.70085
1109066027916,55325.2744868863,13.417437,0.0522860931510424,185.45304,9.70086
1109066027916,55336.2266725809,13.496668,0.0524562992092685,185.45305,9.70082
1109066027916,55336.23464897,13.617054,0.0527349955171795,185.45304,9.70082
1109066027916,55336.2427383219,13.580635,0.0526529323138799,185.45306,9.70085
1109066027916,55336.2507878123,13.433953,0.0523317833005619,185.45305,9.70084
1109066027916,55655.3106705438,13.593514,0.0520939167451514,185.45302,9.70084
1109066027916,55655.3176097915,13.569212,0.0520581292578589,185.45304,9.70083
1109066027916,55655.3245154744,13.440007,0.0518064323842294,185.45304,9.70085
1109066027916,55655.3314526275,13.311447,0.0515846671879031,185.45305,9.70082
1109066027916,55663.187150104,13.070778,0.051783687293301,185.45307,9.70086
1109066027916,55663.1923657637,13.085054,0.0518045689372271,185.45306,9.70083
1109066027916,55663.1975848959,13.1065,0.0518431113189248,185.45305,9.70084
1109066027916,55663.2027515974,13.209802,0.0520371432129806,185.45306,9.70084
1109066027916,55674.1548183682,13.156122,0.0540791341130862,185.45303,9.70086
1109066027916,55674.1706128358,13.457032,0.0547501096195663,185.45304,9.70084
1109066027916,55674.1786229862,13.567484,0.0534619989754587,185.45302,9.70084
1109066027916,55676.1746077201,13.108677,0.0524153935360649,185.45304,9.70085
1109066027916,55676.1806631366,13.188893,0.0525945033401599,185.45303,9.70084
1109066027916,55676.1866790627,13.30956,0.0528542989876556,185.45305,9.70085
1109066027916,55676.1927218636,13.448959,0.0532754549844343,185.45303,9.70085
1109066027916,55603.3755797803,13.116117,0.051230100613413,185.45307,9.70083
1109066027916,55603.3846045256,13.168843,0.0513017021597659,185.45306,9.70084
1109066027916,55603.39367478,13.208423,0.0513640821623461,185.45307,9.70084
1109066027916,55603.40273331,13.310627,0.0515175216757442,185.45305,9.70085
1109066027916,55617.4764111457,12.9349756,0.0514620665597968,185.45306,9.70084
1109066027916,55617.4845217015,12.9590332,0.0515009841371356,185.45308,9.70084
1109066027916,55617.4926296179,12.9598886,0.051501445498562,185.45306,9.70082
1109066027916,55617.5007326966,12.9326334,0.0514775987833999,185.45305,9.70084
1109066027916,55577.450582558,13.082286,0.0524189526805536,185.45307,9.70084
1109066027916,55577.4579235415,13.147402,0.0525746781028379,185.45306,9.70084
1109066027916,55577.4653168402,13.258989,0.0528522219981616,185.45304,9.70084
1109066027916,55577.4727834605,13.428448,0.0533392457109453,185.45305,9.70084
1109066027916,55624.3892969329,12.9797812,0.0511095802149989,185.45305,9.70083
1109066027916,55624.4003598959,13.014993,0.0511527687599569,185.45307,9.70083
1109066027916,55624.4114916086,13.050728,0.051204551760602,185.45305,9.70082
1109066027916,55624.4225600114,13.053046,0.0512076772360206,185.45309,9.70082
1109066027916,55631.3676553586,13.350182,0.0516732153402812,185.45305,9.70083
1109066027916,55631.3759114699,13.47871,0.0519116611153188,185.45304,9.70082
1109066027916,55631.3842309838,13.615327,0.0521767686491417,185.45303,9.70084
1109066027916,55631.3926323264,13.608685,0.0521714315090371,185.45302,9.70085
1109066027916,55644.2759630326,12.9578656,0.0515949730430883,185.45309,9.70083
1109066027916,55644.2825448494,12.8881792,0.0515145050439607,185.45307,9.70085
1109066027916,55644.2891765507,12.951679,0.051595461838902,185.45309,9.70084
1109066027916,55644.295855023,12.9509272,0.0515937249067963,185.45307,9.70083
1109066027916,55705.1433639121,13.102053,0.0518751035954206,185.45308,9.70084
1109066027916,55705.1524970257,13.169761,0.0520109692631221,185.45308,9.70086
1109066027916,55705.1616931018,13.254847,0.0521691795206755,185.45305,9.70086
1109066027916,55705.1708158101,13.472502,0.0526437979228674,185.45305,9.70086
1109066027916,53828.285661655,13.375085,0.0531341977638835,185.45305,9.70084
1109066027916,54483.4459555671,13.311709,0.0519288161080578,185.45306,9.70084
1109066027916,54483.452503345,13.440784,0.0521852923070813,185.45304,9.70087
1109066027916,54483.4590528589,13.563456,0.0524359513162278,185.45306,9.70086
1109066027916,54483.4657120947,13.587597,0.0524908792832976,185.45306,9.70083
1109066027916,55299.2323205439,12.9060684,0.0513451599310953,185.45307,9.70084
1109066027916,55299.2392612733,12.92573,0.0513687708467302,185.45307,9.70085
1109066027916,55299.2462684838,12.845104,0.0512784295933968,185.45303,9.70084
1109066027916,55299.2532172455,12.8254228,0.0512535223158366,185.45305,9.70084
1109066027916,55267.5012012154,13.610504,0.0541572441828916,185.45304,9.70085
1109066027916,55267.5040054053,13.596432,0.0541317772648381,185.45307,9.70083
1109066027916,55267.5068318287,13.56516,0.054044630454543,185.45305,9.70084
1109066027916,55267.5096649538,13.520784,0.0539094607724358,185.45306,9.70083
1109066027916,55565.4928079052,13.155872,0.0517790194441272,185.45305,9.70083
1109066027916,55565.500374896,13.26269,0.0519827903646151,185.45304,9.70083
1109066027916,55565.5079782871,13.348654,0.0521571300670319,185.45304,9.70084
1109066027916,55565.5155942822,13.514351,0.052729414297603,185.45305,9.70083
1109066027916,53828.3339799191,12.980554,0.0528745035697642,185.45305,9.70087
1109066027916,53828.3555393173,12.8846274,0.0516003308637805,185.45307,9.70086
1109066027916,53828.3577282061,12.8960346,0.0524820454921595,185.45307,9.70086
1109066027916,53828.362308993,12.8573148,0.0515407338686831,185.45308,9.70088
1109066027916,55892.5133475694,13.547986,0.0525298596971604,185.45306,9.70085
1109066027916,55892.5179843749,13.608204,0.05268151969512,185.45307,9.70084
1109066027916,55892.5226612846,13.6152,0.0526951062631644,185.45306,9.70088
1109066027916,55892.5273641781,13.545906,0.052524600429869,185.45304,9.70085
1109066027916,55920.4557565162,13.206452,0.0518714729519601,185.4531,9.70084
1109066027916,55920.4649927663,13.326348,0.0520932289993983,185.45307,9.70087
1109066027916,55920.474261655,13.505209,0.0524630429681899,185.45306,9.70084
1109066027916,55920.4834194905,13.624809,0.0527314092710029,185.45305,9.70085
1109066027916,55927.4846281479,12.9430858,0.0514305683477591,185.45309,9.70086
1109066027916,55927.4938017707,12.9814444,0.0514577709269662,185.45309,9.70085
1109066027916,55927.5031168405,13.082602,0.0516191566517265,185.45308,9.70086
1109066027916,55927.5123406136,13.045985,0.0515541239609929,185.45307,9.70086
1109066027916,55959.4449003008,12.9823768,0.0514619230802282,185.45307,9.70087
1109066027916,55959.4505544095,12.9872432,0.0514651596836456,185.45308,9.70085
1109066027916,55959.4562087501,12.8172314,0.0512677942510193,185.45308,9.70083
1109066027916,55959.4619293981,12.9158362,0.0513803550780751,185.45308,9.70086
1109066027916,55975.4680894562,12.8961746,0.0514095209631738,185.45305,9.70085
1109066027916,55975.4753653705,12.9088726,0.0514255401316047,185.45306,9.70087
1109066027916,55975.4826997803,12.8489596,0.0513617801928924,185.45308,9.70086
1109066027916,55975.4899718054,12.8815194,0.0514063735313215,185.45307,9.70085
1109066027916,55982.4403255209,13.181281,0.0518083082103051,185.45309,9.70085
1109066027916,55982.44596978,13.218296,0.0518750539217637,185.45306,9.70086
1109066027916,55982.4517066437,13.309585,0.0520585098740968,185.45308,9.70086
1109066027916,55982.4573303009,13.359303,0.0521539951826285,185.45305,9.70085
1109066027916,55988.3144172337,12.8866112,0.051388736282622,185.45307,9.70086
1109066027916,55988.3201045487,12.8922364,0.0513882472759805,185.45307,9.70085
1109066027916,55988.3258012384,12.906326,0.051401252700075,185.45306,9.70084
1109066027916,55988.3314976967,12.9677454,0.0514748068586676,185.45307,9.70086
1109066027916,55999.3348212387,13.410245,0.0522631826065904,185.45306,9.70086
1109066027916,55999.3399313311,13.280766,0.0519897916412592,185.45305,9.70086
1109066027916,55999.3449586807,13.249988,0.0519366121780437,185.45307,9.70087
1109066027916,55999.3500021063,13.236742,0.051918131386995,185.45308,9.70086
1109066027916,56007.3703939932,13.280356,0.0514555076707905,185.45309,9.70086
1109066027916,56007.3807088657,13.362614,0.0515968673940358,185.45308,9.70086
1109066027916,56007.3909737038,13.463627,0.0517773641111207,185.45307,9.70084
1109066027916,56007.4013129513,13.580943,0.0519995371577487,185.45305,9.70085
1109066027916,56016.3390141898,13.515672,0.0525607186503298,185.45304,9.70086
1109066027916,56016.3459298378,13.415426,0.0523378683588699,185.45306,9.70087
1109066027916,56016.3528823843,13.284638,0.0520712978830267,185.45307,9.70089
1109066027916,56016.3598400462,13.180665,0.0518756799613507,185.45307,9.70083
1109066027916,56029.2002891204,12.8997194,0.0514391696115396,185.45308,9.70086
1109066027916,56029.20543544,12.785219,0.0520949965394966,185.45306,9.70085
1109066027916,56029.210536412,12.9142752,0.0514535204298657,185.45307,9.70087
1109066027916,56029.2155713891,12.8137342,0.0513433932828257,185.45308,9.70086
1109066027916,56035.2183812615,13.326077,0.0521671949402285,185.45306,9.70085
1109066027916,56035.2239266089,13.248536,0.0520095705511682,185.45305,9.70084
1109066027916,56035.229547523,13.165214,0.0518512817736078,185.45306,9.70086
1109066027916,56035.2351333331,13.107176,0.0517427620228175,185.45307,9.70086
1109066027916,56263.5260009258,13.1564,0.0518016160256957,185.45309,9.70084
1109066027916,56263.5293893982,13.11405,0.0517234130810294,185.45309,9.70085
1109066027916,56263.5328511689,13.105932,0.0517055479391554,185.4531,9.70085
1109066027916,56263.5362335071,13.095363,0.0516841946368984,185.4531,9.70085
1109066027916,56301.4496607408,12.9272896,0.0514285368592937,185.45309,9.70084
1109066027916,56301.4547922453,12.9557502,0.051461588372986,185.45308,9.70085
1109066027916,56301.4599007405,12.9241592,0.0514226837420732,185.45308,9.70086
1109066027916,56301.4650290045,12.9626914,0.0514562547367921,185.45309,9.70086
1109066027916,56311.4685065509,13.166686,0.0518357272711889,185.45306,9.70086
1109066027916,56311.473642014,13.26364,0.0520310560847754,185.45307,9.70084
1109066027916,56311.4787673843,13.343902,0.0522157220755958,185.45306,9.70086
1109066027916,56311.4839134836,13.451383,0.0524437513533652,185.45305,9.70084
1109066027916,56339.3770501507,12.8398862,0.0513159279807085,185.45307,9.70085
1109066027916,56339.3820821182,12.9342434,0.0514266414148078,185.45309,9.70086
1109066027916,56339.387208553,12.9568646,0.0514521729440342,185.45309,9.70086
1109066027916,56339.3922881945,12.8577138,0.0513355520868053,185.45308,9.70086
1109066027916,56346.438783125,12.9767824,0.0514756581796967,185.45309,9.70086
1109066027916,56346.445070243,13.011731,0.0515261079466418,185.4531,9.70085
1109066027916,56346.4512890973,12.9694128,0.051472767947105,185.45309,9.70086
1109066027916,56346.457593808,13.020456,0.0515499143210739,185.45308,9.70084
1109066027916,56356.3805436459,12.948298,0.0515220376896571,185.45308,9.70084
1109066027916,56356.385639919,12.9347684,0.0515059706006933,185.45307,9.70087
1109066027916,56356.3907651738,12.8914566,0.0516491459676558,185.45307,9.70085
1109066027916,56356.3958855672,12.9002318,0.0516012823475053,185.45308,9.70086
1109066027916,56365.3000203933,13.054333,0.0511463305467385,185.45312,9.70085
1109066027916,56365.3074740855,13.043775,0.0511367183971411,185.45311,9.70084
1109066027916,56365.3150041088,13.041503,0.0511276032725408,185.45309,9.70087
1109066027916,56365.3225296064,13.041104,0.0511282763240853,185.45312,9.70083
1109066027916,56371.2336264006,12.8605012,0.0523632633119105,185.45306,9.70085
1109066027916,56371.2369611804,12.8715668,0.0525420629089793,185.45309,9.70084
1109066027916,56371.240396956,12.889967,0.0521419982194207,185.45306,9.70085
1109066027916,56371.2437623958,12.9251672,0.0519129318895813,185.45307,9.70086
1109066027916,55949.370659132,12.8666668,0.051370883401468,185.45308,9.70086
1109066027916,55949.3807902201,12.913641,0.051412906109751,185.45307,9.70087
1109066027916,55949.3910722453,12.9116292,0.051402810671525,185.45308,9.70086
1109066027916,55949.4012814816,12.994547,0.0514904081011272,185.45306,9.70085
1109066027916,56383.2404865855,13.337495,0.0521886305199847,185.45308,9.70086
1109066027916,56383.2488983451,13.459348,0.0524438589215906,185.45307,9.70085
1109066027916,56383.2573724422,13.527015,0.0525887876307117,185.45306,9.70084
1109066027916,56383.2659070254,13.439136,0.0523900177598848,185.45306,9.70087
1109066027916,56397.204503993,13.119754,0.0517881342505862,185.45305,9.70085
1109066027916,56397.2118049539,13.208246,0.0519476408621956,185.45308,9.70084
1109066027916,56397.2191168056,13.263344,0.0520595138657706,185.45307,9.70086
1109066027916,56397.2263951851,13.370952,0.0522986501727651,185.45306,9.70084
1109066027916,56423.212164178,13.110084,0.0523364442116593,185.45307,9.70085
1109066027916,56423.2193887499,13.097089,0.0518501041464336,185.4531,9.70086
1109066027916,56423.2483825926,12.9283172,0.051659566439568,185.45308,9.70087
1109066027916,56423.2556659607,12.912017,0.0517289702357875,185.45306,9.70086
1109066027916,56444.1790248845,12.9331122,0.0515631357374795,185.45308,9.70085
1109066027916,56444.1852151272,12.9112456,0.0515382084925494,185.45307,9.70084
1109066027916,56444.1914426503,12.9451634,0.0515823111709552,185.45306,9.70084
1109066027916,56444.1976504861,12.965455,0.051611686231937,185.45306,9.70084
