1109066034003,53466.262670706,14.980138,0.0577184082093723,187.0748,9.99449
1109066034003,53466.2701926157,14.921576,0.0573897044173693,187.07481,9.99449
1109066034003,53466.2777270139,14.888725,0.0571989628819281,187.07478,9.9945
1109066034003,53466.2852693982,14.890652,0.0571975804530131,187.0748,9.9945
1109066034003,53710.5182268056,14.881255,0.0574990978655042,187.07487,9.99441
1109066034003,53710.5241839234,14.868115,0.0573922442454251,187.07487,9.99444
1109066034003,53710.5302468403,14.888703,0.0575147971498903,187.07486,9.99446
1109066034003,53710.5363268866,14.872404,0.0574197539871612,187.0749,9.99438
1109066034003,53731.4827815974,14.889996,0.0575473524022471,187.07486,9.99442
1109066034003,53731.4908661461,14.904297,0.0576093430551353,187.07487,9.99445
1109066034003,53731.4989327546,14.949592,0.0581095654216819,187.07488,9.99444
1109066034003,53731.5070022452,15.071571,0.0587066360417126,187.07484,9.99446
1109066034003,53553.1607967592,15.231554,0.0605978370334633,187.07481,9.99444
1109066034003,53553.167219074,15.126512,0.0598938383329823,187.07487,9.99446
1109066034003,53553.1737027313,15.066213,0.0595434569607976,187.07482,9.99449
1109066034003,53553.1801176271,14.990955,0.0590935689010398,187.07487,9.99446
1109066034003,53528.1923725926,14.901253,0.0577698125519478,187.07486,9.99448
1109066034003,53528.199861736,14.90982,0.057833086870074,187.07485,9.99446
1109066034003,53528.2073545833,14.912704,0.0578897477815227,187.07486,9.99444
1109066034003,53528.2148296065,14.893728,0.0578119874102819,187.07487,9.99444
1109066034003,53499.1875439929,14.898343,0.0575260158399678,187.07483,9.99453
1109066034003,53499.192912315,14.922846,0.057647330850461,187.07484,9.99449
1109066034003,53499.1982489238,14.903642,0.0575355657922357,187.07481,9.99449
1109066034003,53499.2035847223,14.922517,0.0576607015109513,187.07481,9.99449
1109066034003,53520.2293576272,14.261342,0.0638368284499332,187.07475,9.99444
1109066034003,53520.2358309836,14.921614,0.0583131969339306,187.07484,9.9944
1109066034003,53520.2422384839,14.909969,0.0584359353082431,187.07483,9.99447
1109066034003,53520.2486779168,14.929501,0.058357065357755,187.07483,9.99449
1109066034003,53704.4905420137,14.840981,0.057690430116554,187.07482,9.99451
1109066034003,53704.4970415277,14.834758,0.0577658035965467,187.07489,9.99446
1109066034003,53704.5036226506,14.85767,0.0579964130905715,187.07486,9.99447
1109066034003,53704.5101560764,14.840492,0.0579248524839595,187.07488,9.99449
1109066034003,53828.2370174537,14.870799,0.0638925313710161,187.07486,9.9945
1109066034003,53828.2395742941,14.904342,0.0628084646911536,187.07483,9.9945
1109066034003,53828.2422167938,14.907815,0.061579554064703,187.07482,9.99454
1109066034003,53828.2447471181,14.870721,0.0653845533753905,187.07486,9.99452
1109066034003,53843.2669437039,14.904287,0.0583557833259741,187.0748,9.99449
1109066034003,53843.2750442247,14.885116,0.0582376861373932,187.0748,9.99452
1109066034003,53843.2831501737,14.920976,0.058432065875294,187.0748,9.99448
1109066034003,53843.2912063659,14.939134,0.0585607956883067,187.0748,9.99449
1109066034003,54085.4961918173,14.920838,0.0587184116560356,187.07485,9.99446
1109066034003,54095.4426578586,14.893598,0.0573165975802172,187.07487,9.9945
1109066034003,54095.4545437498,14.923936,0.0574102608416847,187.07487,9.99451
1109066034003,54095.4783318518,14.919714,0.0573336467847794,187.07486,9.99447
1109066034003,53772.4464887614,14.917427,0.0576597829670327,187.0748,9.99452
1109066034003,53772.4540540627,14.915355,0.0576532288087072,187.07482,9.99451
1109066034003,53772.461676551,14.903158,0.0576095553391274,187.07483,9.99451
1109066034003,53772.4692644212,14.944699,0.0578352107461325,187.07479,9.99445
1109066034003,53774.4295112267,14.883283,0.0576366764543408,187.07482,9.99453
1109066034003,53774.4370033797,14.87808,0.0576278166271933,187.07481,9.9945
1109066034003,53774.4444969213,14.862015,0.0576185398394109,187.07483,9.99448
1109066034003,53774.452044514,14.886277,0.0578546881119429,187.07481,9.99449
1109066034003,53789.375011771,14.959163,0.085102366551426,187.07485,9.99451
1109066034003,53789.3807586921,14.899071,0.106764722097055,187.07485,9.99451
1109066034003,53789.3865118749,15.710615,0.196565509208839,187.07476,9.99454
1109066034003,53743.433588854,14.858206,0.0575911202748889,187.0749,9.99439
1109066034003,53743.439945648,14.894483,0.0577710413221492,187.07486,9.99441
1109066034003,53743.4463089234,14.898031,0.0578021180719699,187.07488,9.99439
1109066034003,53743.4526722105,14.886412,0.0576954141828337,187.07487,9.99445
1109066034003,53758.402252778,14.898046,0.0577422852683949,187.07487,9.99447
1109066034003,53758.4081154512,14.922752,0.0578837714454754,187.07491,9.99442
1109066034003,53758.4140960765,14.887955,0.057661404878407,187.07488,9.99445
1109066034003,53758.4200633797,14.911879,0.0577757225699476,187.07487,9.9945
1109066034003,53765.4455528241,14.900327,0.057809248104704,187.07485,9.99447
1109066034003,53765.4520865972,14.882039,0.0577061000349042,187.07485,9.99445
1109066034003,53765.4586050925,14.869229,0.0576404431625633,187.07486,9.99442
1109066034003,53765.4652423379,14.885685,0.0576685203780811,187.07487,9.99448
1109066034003,53905.2317479052,14.873401,0.0835204052322059,187.07482,9.99446
1109066034003,53905.232812303,14.858264,0.0834191248367027,187.07493,9.99474
1109066034003,53905.233853565,14.878075,0.0837970208533844,187.07483,9.99467
1109066034003,53905.2349080093,14.852918,0.0831944634895325,187.07491,9.99459
1109066034003,53797.3426731019,14.902338,0.0580091423526077,187.07482,9.99453
1109066034003,53797.3505123844,14.887615,0.0579688193569113,187.07483,9.99451
1109066034003,53797.3579774536,14.914298,0.0591147967811024,187.07482,9.99448
1109066034003,53797.3656971646,14.891911,0.0577407141042471,187.07483,9.99449
1109066034003,53816.4406316319,14.899634,0.0609173709756428,187.07483,9.99448
1109066034003,53816.4456267824,14.878843,0.0608477206890878,187.07479,9.99449
1109066034003,53816.4508123381,14.871259,0.0607918506177591,187.07484,9.99447
1109066034003,53816.4558168749,14.914559,0.06118451659992,187.07482,9.99449
1109066034003,53857.2525191433,14.884443,0.0585233025254621,187.07482,9.99455
1109066034003,53857.257397396,14.896771,0.0587171396104523,187.07481,9.99451
1109066034003,53857.2622682406,14.878624,0.0592627571756741,187.07481,9.9945
1109066034003,53857.2671462614,14.923063,0.0593044094518121,187.07483,9.9945
1109066034003,53876.2142495024,14.875746,0.0582951544632595,187.07482,9.99449
1109066034003,53876.221846065,14.880938,0.0582930243984221,187.07477,9.99449
1109066034003,53876.2293903008,14.891597,0.0583823687950309,187.07479,9.99447
1109066034003,53876.2369541088,14.882318,0.0583633409453803,187.07479,9.99449
1109066034003,54201.283744236,14.921212,0.0578307078828199,187.07479,9.99451
1109066034003,54201.293200023,14.921528,0.0578332221868714,187.07482,9.99446
1109066034003,54201.3026634608,14.915619,0.05782472230833,187.0748,9.99451
1109066034003,54201.3121202895,14.896741,0.0577325893025361,187.07479,9.99443
1109066034003,54212.2212509145,14.9166,0.0575503570137734,187.07481,9.9945
1109066034003,54212.2305417592,14.908193,0.057500593556871,187.07483,9.99451
1109066034003,54212.2398471991,14.88117,0.0573481274137454,187.07482,9.99449
1109066034003,54212.2491364353,14.909089,0.0575082309404648,187.07483,9.99446
1109066034003,54159.422925185,14.892685,0.0572906972425899,187.07481,9.99445
1109066034003,54159.4309093752,14.882754,0.0574095657379053,187.07482,9.99447
1109066034003,54159.4388361573,14.888901,0.0572899093704363,187.07479,9.99448
1109066034003,54159.4466879396,14.905306,0.0573465780514251,187.07483,9.99444
1109066034003,54127.3667313078,14.910609,0.0582741784777324,187.07486,9.99438
1109066034003,54127.3757883565,14.906225,0.0582180245093166,187.07485,9.99443
1109066034003,54127.3849105671,14.835669,0.0577718557210402,187.07487,9.99442
1109066034003,54127.394009861,14.915327,0.0582238087464245,187.07483,9.99445
1109066034003,54265.1990722572,15.325061,0.0612713268386004,187.07485,9.99438
1109066034003,54265.207217685,15.416559,0.062045853820749,187.07486,9.9944
1109066034003,54265.2153955209,15.424917,0.0621838687483508,187.07487,9.99441
1109066034003,54265.2235425692,15.343016,0.061579695658265,187.07482,9.99445
1109066034003,54179.3205934027,14.941349,0.0576019779297384,187.07481,9.9945
1109066034003,54179.3283024654,14.919369,0.0574944375074215,187.0748,9.99449
1109066034003,54179.3351782756,14.8909,0.057354581616324,187.07481,9.99448
1109066034003,54179.34206022,14.897556,0.0576042095425679,187.0748,9.99447
1109066034003,54233.2575906827,14.923643,0.058131313023395,187.07482,9.99445
1109066034003,54233.2645872105,14.895071,0.0579379412978132,187.07485,9.99442
1109066034003,54233.2716181134,14.902239,0.0579892875415149,187.07485,9.9945
1109066034003,54233.2786429976,14.878894,0.0579147664370532,187.07484,9.99442
1109066034003,54242.1904476159,14.915631,0.0580846691223688,187.07482,9.99445
1109066034003,54242.1977620949,14.928906,0.0581563409473481,187.07483,9.99443
1109066034003,54242.2049992709,14.942108,0.0582645445293202,187.07483,9.99444
1109066034003,54242.2122384026,14.876503,0.0578690793382397,187.07479,9.99443
1109066034003,54562.3566092476,14.92749,0.0579259029218964,187.07481,9.9945
1109066034003,54562.3617680674,14.912601,0.0578660230805686,187.07478,9.99452
1109066034003,54562.366932685,14.934048,0.0580084153752645,187.07481,9.9945
1109066034003,54562.3720961344,14.919204,0.0579611849417629,187.07481,9.9945
1109066034003,54568.2745209606,14.82837,0.0569149958579447,187.07481,9.99454
1109066034003,54568.2852617707,14.851234,0.057036768875077,187.07481,9.99457
1109066034003,54568.2960276967,14.863029,0.0570993747341374,187.07485,9.99455
1109066034003,54568.3067307756,14.890105,0.0572796091203959,187.07477,9.99454
1109066034003,54502.4065725114,14.845447,0.0568741599912214,187.07484,9.99442
1109066034003,54502.4149916782,14.8826,0.0570630262225124,187.07486,9.99445
1109066034003,54502.4234227776,14.863096,0.0569475024286499,187.07482,9.99454
1109066034003,54502.4318189118,14.879,0.0570274175790613,187.07485,9.99445
1109066034003,54523.4257499655,14.851271,0.0568899243325575,187.07481,9.99448
1109066034003,54523.4356465279,14.861495,0.0569339642113458,187.07481,9.99451
1109066034003,54523.4455479398,14.845804,0.0568795658994425,187.07481,9.99455
1109066034003,54523.4555037618,14.839843,0.056854629802043,187.07484,9.99451
1109066034003,54476.4321452892,14.988522,0.0577127660866405,187.07484,9.99453
1109066034003,54476.4414187847,14.90832,0.0572371897902654,187.0748,9.99451
1109066034003,54476.4498898033,14.896915,0.0571734918290433,187.07481,9.99452
1109066034003,54476.4583182293,14.871509,0.0570296512851913,187.07483,9.99452
1109066034003,54483.4415500229,14.817492,0.0567472765089077,187.07487,9.99453
1109066034003,54535.2710310185,14.837442,0.0596749644094143,187.07487,9.99454
1109066034003,54535.2714456252,14.857305,0.0598202272453131,187.07489,9.99447
1109066034003,54535.2722781828,14.900542,0.0601095937318593,187.07488,9.99451
1109066034003,54554.262622037,14.820347,0.0569409475867758,187.07484,9.99452
1109066034003,54554.269625972,14.821399,0.0569649617034931,187.07481,9.99451
1109066034003,54554.2766544446,14.8617,0.0571529819647716,187.0748,9.99444
1109066034003,54554.2836698494,14.87293,0.0572171628135441,187.07479,9.99452
1109066034003,54587.1814072914,14.913096,0.0574580273530392,187.07481,9.99451
1109066034003,54587.1867761919,14.914493,0.0574458078476869,187.07481,9.99451
1109066034003,54587.1921645487,14.864091,0.0571929218690534,187.07483,9.99454
1109066034003,54587.1975453706,14.902367,0.0573982084823124,187.07481,9.9945
1109066034003,54794.523024641,14.907415,0.0572520585186585,187.07483,9.9945
1109066034003,54794.5295585301,14.908509,0.0572448897562046,187.07482,9.99448
1109066034003,54794.5353957405,14.95045,0.0583615541362689,187.07484,9.9945
1109066034003,54794.5416561226,14.906552,0.0577618879242812,187.07484,9.99448
1109066034003,54924.298036655,14.922866,0.0575193327040991,187.0748,9.99448
1109066034003,54924.3027593633,14.922682,0.0575695743728657,187.0748,9.99447
1109066034003,54924.3075240739,14.914688,0.0575124557346075,187.07478,9.99451
1109066034003,54924.3124121642,14.924626,0.0575508305728747,187.0748,9.9945
1109066034003,54948.2971640974,15.296239,0.0600740186434261,187.07479,9.9945
1109066034003,54948.303649514,15.376013,0.0606768134456759,187.07478,9.99451
1109066034003,54948.3102871063,15.43511,0.0611440981807838,187.07483,9.99453
1109066034003,54948.3169393055,15.404625,0.0609373877231347,187.07482,9.99449
1109066034003,55183.5097723263,14.7941,0.0566676716334872,187.07484,9.9945
1109066034003,54863.4716763543,14.93257,0.0572512411302961,187.07478,9.99451
1109066034003,54863.477152199,14.93368,0.0572561978484583,187.07479,9.99451
1109066034003,54863.48257794,14.938813,0.0572820944695245,187.07478,9.9945
1109066034003,54863.4879576042,14.929593,0.0572292793422463,187.07478,9.99449
1109066034003,54856.4189508101,14.885545,0.056924587875259,187.0749,9.99447
1109066034003,54856.4281247687,14.885948,0.0569215914061651,187.07486,9.99444
1109066034003,54856.4465509146,14.828344,0.0565978496776664,187.07482,9.99452
1109066034003,54908.3370120255,14.89457,0.0572058963142833,187.07477,9.99451
1109066034003,54908.3418774307,14.887835,0.0571187973445448,187.07478,9.99451
1109066034003,54908.346698727,14.891131,0.0572246274074006,187.07478,9.99451
1109066034003,54908.3515765164,14.910421,0.0572394410987778,187.0748,9.99449
1109066034003,54917.31247456,14.906715,0.0574076148654483,187.07478,9.99449
1109066034003,54917.3184644445,14.901074,0.0573568581065042,187.07476,9.99448
1109066034003,54917.3244132525,14.880716,0.0572414895364599,187.07476,9.99451
1109066034003,54917.3304235069,14.900525,0.0573646345998538,187.07481,9.99443
1109066034003,54968.1754987268,14.986459,0.0584928680508808,187.0748,9.99447
1109066034003,54968.1828046641,14.934247,0.0581843825297115,187.07479,9.99452
1109066034003,54968.1901564351,14.888247,0.0579023125225493,187.0748,9.9945
1109066034003,54968.1974308798,14.874257,0.0578331321711614,187.07477,9.99454
1109066034003,55156.5323185185,14.855542,0.0572935264039862,187.07492,9.99444
1109066034003,55290.2100122916,14.90756,0.0576184971631769,187.07481,9.99452
1109066034003,55290.2169633336,14.913719,0.0576458722665593,187.07485,9.99451
1109066034003,55290.2238920601,14.913138,0.0576257689453904,187.07482,9.99449
1109066034003,55290.2308134837,14.934292,0.0577094750060473,187.07483,9.99451
1109066034003,55299.2126594329,14.894952,0.0670808730055729,187.07486,9.99444
1109066034003,55299.2167452894,14.919322,0.0673531853054304,187.07482,9.99441
1109066034003,55299.2207683682,14.887214,0.0669686517403163,187.07483,9.9944
1109066034003,55299.2248415973,14.928812,0.0674150910791821,187.07486,9.99443
1109066034003,55536.4824173842,14.954127,0.0605197148993347,187.07486,9.9946
1109066034003,55536.4940539701,14.96725,0.0630508434094592,187.07487,9.9946
1109066034003,55536.4999144445,15.049228,0.0779228054694133,187.07492,9.99462
1109066034003,55246.4417592939,15.021315,0.0586695625879657,187.07483,9.9945
1109066034003,55246.4508354166,14.993753,0.0581314437542302,187.07481,9.99449
1109066034003,55246.4600172802,14.928592,0.0576870295190224,187.07481,9.99449
1109066034003,55246.4691098263,14.936997,0.0577207874244989,187.07481,9.99451
1109066034003,55349.1525637151,14.855148,0.0547680192243876,187.07481,9.99447
1109066034003,55349.160551632,14.875904,0.0548636390771384,187.07482,9.99444
1109066034003,55349.1686236921,14.881081,0.0549015516153403,187.07478,9.99447
1109066034003,55349.1766159955,14.790341,0.0589607866130171,187.07483,9.99452
1109066034003,55260.4189760997,14.970344,0.0578420739920672,187.07478,9.9945
1109066034003,55267.4461626387,14.91903,0.057710945551555,187.0748,9.99449
1109066034003,55267.4519899306,14.921574,0.0577386151259693,187.0748,9.99451
1109066034003,55267.4578095488,14.84449,0.0573242441848874,187.07481,9.9945
1109066034003,55267.4636855787,14.88861,0.0576020623347284,187.0748,9.99451
1109066034003,55275.3874073494,15.283755,0.0598034240639833,187.0748,9.99449
1109066034003,55275.3937298842,15.242858,0.0594888554099376,187.07482,9.99453
1109066034003,55275.4000833449,15.165846,0.0590099510720738,187.07478,9.99449
1109066034003,55275.4064919096,15.092511,0.0585724027474468,187.0748,9.99451
1109066034003,55325.2744868863,14.953337,0.0578550816940053,187.0748,9.99443
1109066034003,55336.2266725809,14.880868,0.0574445522255272,187.07481,9.99444
1109066034003,55336.23464897,14.892154,0.057503915729036,187.07479,9.99449
1109066034003,55336.2427383219,14.920535,0.0576725515937151,187.07479,9.99448
1109066034003,55336.2507878123,14.915553,0.0576691825618252,187.07481,9.99449
1109066034003,55655.3314526275,14.942647,0.0564145206033628,187.0748,9.9945
1109066034003,55663.187150104,14.897378,0.0580533117501603,187.07483,9.99454
1109066034003,55663.1923657637,14.928754,0.0582222197832822,187.07481,9.99454
1109066034003,55663.2027515974,14.924002,0.0581838690580442,187.07481,9.99458
1109066034003,55674.1548183682,14.952822,0.0651659180674156,187.07489,9.9944
1109066034003,55674.1786229862,14.955384,0.0599189156622925,187.07476,9.99457
1109066034003,55603.3755797803,14.953917,0.0563150783769451,187.07486,9.99459
1109066034003,55603.3846045256,14.964043,0.0563442026641996,187.07486,9.99457
1109066034003,55603.39367478,14.966923,0.0563654776714325,187.07484,9.99459
1109066034003,55603.40273331,14.962027,0.0563176435616093,187.07486,9.99459
1109066034003,55617.4764111457,14.923554,0.0577886135263698,187.07482,9.99455
1109066034003,55617.4845217015,14.911638,0.057761090764899,187.07484,9.99457
1109066034003,55617.4926296179,14.928949,0.0578575524642446,187.07481,9.99454
1109066034003,55617.5007326966,14.926981,0.0578730968644263,187.07482,9.99456
1109066034003,55577.4727834605,15.051948,0.0613592117938103,187.07481,9.99458
1109066034003,55624.3892969329,14.934258,0.0564354608961615,187.07489,9.99461
1109066034003,55624.4003598959,14.934993,0.0564475225739504,187.07488,9.99459
1109066034003,55624.4114916086,14.949028,0.0565195987664415,187.07487,9.9946
1109066034003,55624.4225600114,14.948246,0.0565149250058648,187.07486,9.99459
1109066034003,55631.3676553586,14.989682,0.0567085447623342,187.07484,9.99456
1109066034003,55631.3759114699,15.06751,0.0571223217270747,187.07487,9.99458
1109066034003,55631.3842309838,15.132527,0.0574588678059298,187.07487,9.99458
1109066034003,55631.3926323264,15.231285,0.0580380898870896,187.07488,9.99456
1109066034003,55644.2759630326,14.881304,0.0579169539541196,187.07485,9.99452
1109066034003,55644.2825448494,14.867228,0.057843448430415,187.07482,9.99451
1109066034003,55644.295855023,14.940548,0.0582889379932892,187.07477,9.99452
1109066034003,55705.1433639121,14.930553,0.0583604968055158,187.07481,9.99453
1109066034003,55705.1524970257,14.920461,0.0583217861030238,187.07481,9.99454
1109066034003,55705.1616931018,14.915147,0.0582541258437653,187.0748,9.99452
1109066034003,55705.1708158101,14.932102,0.0583441819187972,187.0748,9.99456
1109066034003,53828.285661655,14.916685,0.0601721433529438,187.07482,9.99449
1109066034003,54483.4459555671,14.811309,0.0567137440108632,187.07488,9.99452
1109066034003,54483.452503345,14.867884,0.0570034427863819,187.07484,9.99452
1109066034003,54483.4590528589,14.798456,0.0566256116718626,187.07493,9.99451
1109066034003,54483.4657120947,14.918897,0.0572431322607472,187.07479,9.99451
1109066034003,55299.2323205439,14.899606,0.0573565289814583,187.0748,9.99446
1109066034003,55299.2392612733,14.91915,0.0574697186568285,187.0748,9.99445
1109066034003,55299.2462684838,14.89436,0.0573232142811861,187.07483,9.99442
1109066034003,55299.2532172455,14.915002,0.0574185475323811,187.07481,9.99448
1109066034003,55267.5012012154,14.915804,0.0609624206204997,187.07481,9.99451
1109066034003,55267.5040054053,14.900532,0.0608941166032475,187.07481,9.99447
1109066034003,55267.5068318287,14.88266,0.0607938863194227,187.07476,9.99447
1109066034003,55267.5096649538,14.890584,0.0608721756880525,187.07479,9.99452
1109066034003,55565.5155942822,14.976151,0.0585767248482039,187.07483,9.99457
1109066034003,53828.3339799191,15.08481,0.0639909868559375,187.07483,9.99453
1109066034003,53828.3555393173,15.375391,0.0617046075390705,187.07481,9.99454
1109066034003,53828.3577282061,15.331839,0.0654284532125318,187.07481,9.9945
1109066034003,53828.362308993,15.376582,0.0615816505978279,187.07478,9.99448
1109066034003,55920.4557565162,14.831852,0.0572021068708129,187.07494,9.99451
1109066034003,55920.4649927663,14.862748,0.0573400083308489,187.07499,9.99448
1109066034003,55920.4834194905,14.930509,0.0576649967926752,187.07484,9.99452
1109066034003,55959.4619293981,14.959683,0.0577755002052378,187.07485,9.99449
1109066034003,55975.4680894562,14.975439,0.0580548472323807,187.07482,9.99451
1109066034003,55975.4753653705,14.977209,0.0580720335669854,187.07481,9.99449
1109066034003,55975.4826997803,14.985014,0.0581276575878412,187.07484,9.99451
1109066034003,55975.4899718054,14.986071,0.0581668566246515,187.07487,9.99448
1109066034003,55988.3144172337,14.878208,0.0574689977570798,187.07485,9.99452
1109066034003,55988.3201045487,14.892726,0.0575247721050605,187.07485,9.9945
1109066034003,55988.3314976967,14.976561,0.0580035844097517,187.07487,9.99451
1109066034003,56016.3598400462,14.906765,0.0577646949565555,187.07484,9.99452
1109066034003,56029.2155713891,14.957953,0.058045900606466,187.07494,9.99452
1109066034003,56263.5260009258,14.8917,0.0575912610702575,187.07481,9.99453
1109066034003,56263.5293893982,14.91055,0.0576887655907763,187.07484,9.99454
1109066034003,56263.5328511689,14.931932,0.0577974620138009,187.07483,9.99449
1109066034003,56263.5362335071,14.899263,0.0576049448916503,187.07486,9.9945
1109066034003,56301.4496607408,14.922464,0.0576942398382947,187.07486,9.99451
1109066034003,56301.4547922453,14.923893,0.0577052276846643,187.07484,9.99453
1109066034003,56301.4599007405,14.937928,0.0577726703034802,187.07486,9.9945
1109066034003,56301.4650290045,14.949851,0.0578044632292586,187.07486,9.99453
1109066034003,56311.4685065509,15.477886,0.061599171721794,187.07488,9.99455
1109066034003,56311.473642014,15.44274,0.0613650704242911,187.07485,9.99448
1109066034003,56311.4787673843,15.374102,0.0609150032768369,187.07487,9.9945
1109066034003,56311.4839134836,15.324683,0.0605306039254375,187.07486,9.99455
1109066034003,56339.3770501507,14.942833,0.0577478854222043,187.07487,9.99449
1109066034003,56339.3820821182,14.942531,0.0577726107078849,187.07486,9.9945
1109066034003,56339.387208553,14.955689,0.0578472718589966,187.07483,9.99452
1109066034003,56339.3922881945,14.947267,0.0577747150891001,187.07486,9.99452
1109066034003,56346.438783125,14.940616,0.057764473269391,187.07484,9.99451
1109066034003,56346.445070243,14.921731,0.0576742085900357,187.07484,9.99448
1109066034003,56346.4512890973,14.920652,0.0576720333771546,187.07484,9.9945
1109066034003,56346.457593808,14.892356,0.0575431690203303,187.07485,9.99451
1109066034003,56356.3805436459,14.90867,0.0578610112723268,187.07485,9.99452
1109066034003,56356.385639919,14.907706,0.0578539306601722,187.07487,9.99448
1109066034003,56356.3907651738,14.926569,0.058662478166193,187.07493,9.99447
1109066034003,56356.3958855672,14.937137,0.0585148147402252,187.07485,9.99454
1109066034003,56365.3000203933,14.928433,0.0562091174191329,187.07484,9.9945
1109066034003,56365.3074740855,14.924475,0.056207507914131,187.07485,9.99451
1109066034003,56365.3150041088,14.936003,0.0562412777014502,187.07487,9.99454
1109066034003,56365.3225296064,14.918904,0.0561656924750708,187.07484,9.99453
1109066034003,56371.2336264006,14.998658,0.0620183219808146,187.07487,9.99451
1109066034003,56371.2369611804,14.973962,0.0624214707017875,187.07483,9.99452
1109066034003,56371.240396956,14.947505,0.0606127382759781,187.07486,9.99457
1109066034003,56371.2437623958,14.957048,0.059662744931442,187.07489,9.99451
1109066034003,55949.4012814816,14.863605,0.0573206729346094,187.07488,9.99453
1109066034003,56383.2404865855,14.962195,0.0580993860988423,187.07487,9.9945
1109066034003,56383.2488983451,14.959248,0.0580657399143644,187.07486,9.99449
1109066034003,56383.2573724422,14.965415,0.0580789333162149,187.07484,9.9945
1109066034003,56383.2659070254,14.947836,0.0579754676334829,187.07486,9.99452
1109066034003,56397.204503993,14.922454,0.0579294419859135,187.07485,9.99452
1109066034003,56397.2118049539,14.892546,0.057744239423984,187.07486,9.99452
1109066034003,56397.2191168056,14.919644,0.0579123030536534,187.07484,9.99452
1109066034003,56397.2263951851,14.909552,0.0579045076270531,187.07484,9.99454
1109066034003,56423.212164178,14.894384,0.0595507307411161,187.07485,9.99449
1109066034003,56423.2193887499,14.907389,0.0581717380564565,187.0749,9.99451
1109066034003,56423.2483825926,14.863498,0.0581567845618322,187.07483,9.99449
1109066034003,56423.2556659607,14.899455,0.0586876322234797,187.07483,9.99451
1109066034003,56444.1790248845,14.915523,0.0581076505348978,187.07487,9.99452
1109066034003,56444.1852151272,14.912904,0.0580960692454172,187.07482,9.99452
1109066034003,56444.1914426503,14.910331,0.0580941940701884,187.07483,9.99454
1109066034003,56444.1976504861,14.934025,0.058251614316624,187.07487,9.99453
