1109065053393,53466.2632007175,16.336625,0.0696982079875335,183.16105,10.99809
1109065053393,53466.2707218058,16.330769,0.0695931639056792,183.16105,10.99811
1109065053393,53466.2782609491,16.286083,0.0690306640677285,183.16109,10.99813
1109065053393,53466.2858106364,16.260563,0.0687258801802206,183.16101,10.99807
1109065053393,53705.481591065,16.390703,0.073006916964732,183.16101,10.99818
1109065053393,53705.4882669794,16.332342,0.0716319580416795,183.16105,10.99814
1109065053393,53705.4950349075,16.368113,0.07187523604465,183.16107,10.99808
1109065053393,53705.5019248379,16.343497,0.0714316026189655,183.16105,10.99804
1109065053393,53731.4833143866,16.235802,0.0691368670894417,183.16099,10.99811
1109065053393,53731.4914057525,16.204591,0.0690716992098216,183.16104,10.9981
1109065053393,53731.4994650693,16.269051,0.0702314619491185,183.16097,10.99811
1109065053393,53731.5075290161,16.255517,0.0694519377706187,183.161,10.99809
1109065053393,53553.1613281597,16.275937,0.0716054954913284,183.16106,10.99812
1109065053393,53553.1677581021,16.180561,0.0704313435919237,183.16107,10.99802
1109065053393,53553.1742326156,16.233731,0.0712814288895414,183.1611,10.99821
1109065053393,53553.1806503008,16.264178,0.0718614194580649,183.16104,10.99811
1109065053393,53528.1918311226,16.292448,0.0703527200072452,183.16105,10.99802
1109065053393,53528.1993165743,16.289625,0.0703457830598529,183.16111,10.99814
1109065053393,53528.2068118518,16.277177,0.070287414973389,183.16107,10.99811
1109065053393,53528.2142846761,16.264555,0.0702148726603482,183.16104,10.99806
1109065053393,53499.1880700579,16.359022,0.0706697663549571,183.16106,10.99812
1109065053393,53499.193443472,16.427597,0.071630182760538,183.16103,10.99814
1109065053393,53499.1987805441,16.435903,0.0717648135562943,183.16109,10.99812
1109065053393,53499.2041159952,16.395462,0.0712053455945972,183.16105,10.99808
1109065053393,53520.2298853239,16.166675,0.0726302803754718,183.16109,10.99808
1109065053393,53520.2363614468,16.281742,0.0712209082982976,183.16101,10.99811
1109065053393,53520.2427654746,16.296443,0.0719581072289448,183.16103,10.9981
1109065053393,53520.2492097803,16.293944,0.0714514735368261,183.16102,10.99817
1109065053393,53828.2364761112,16.382505,0.086210316498108,183.16097,10.9982
1109065053393,53828.2390353819,16.227859,0.0801144636710371,183.16103,10.99818
1109065053393,53828.2416137499,16.324491,0.0791141438858629,183.16102,10.9982
1109065053393,53828.2442079745,16.181757,0.0854472831071362,183.16107,10.99822
1109065053393,53843.2674753242,16.248271,0.0710457431259395,183.16106,10.9981
1109065053393,53843.2755772336,16.256659,0.0712005401110349,183.16105,10.99819
1109065053393,53843.2836765973,16.288573,0.0716186430071863,183.16111,10.99815
1109065053393,53843.2917337036,16.308206,0.0719334603146746,183.16103,10.99815
1109065053393,54084.478851412,16.262562,0.0687194165484773,183.16104,10.99808
1109065053393,54084.4842542247,16.32961,0.0695380266523861,183.161,10.99817
1109065053393,54084.4896116667,16.294121,0.0690279136522072,183.16098,10.99809
1109065053393,54084.4949728125,16.30411,0.0690846467705511,183.16096,10.99811
1109065053393,54095.4404616896,16.378077,0.070415536567524,183.161,10.99814
1109065053393,54095.4523802199,16.348588,0.0698089080832319,183.16096,10.99808
1109065053393,54095.4643049999,16.368356,0.0699508289431075,183.16103,10.99807
1109065053393,54095.476184641,16.355365,0.06978455800122,183.16099,10.99813
1109065053393,53772.4459552779,16.441351,0.0719319315342069,183.16107,10.99812
1109065053393,53772.4535152661,16.388935,0.0712105776420088,183.16108,10.99812
1109065053393,53772.4611303355,16.409383,0.071496010467743,183.16108,10.99813
1109065053393,53772.4687213427,16.336639,0.0704704633405388,183.1611,10.99803
1109065053393,53774.4289860763,16.156283,0.0684732207739741,183.16104,10.99808
1109065053393,53774.4364652662,16.215602,0.0692115450579896,183.16106,10.99809
1109065053393,53774.4439522224,16.189512,0.0691039414324357,183.16111,10.99807
1109065053393,53774.4515064121,16.193639,0.069564377321654,183.16107,10.99808
1109065053393,53789.3739614813,16.120287,0.116004439477146,183.16116,10.99819
1109065053393,53789.3797048265,16.381553,0.188335648141298,183.1615,10.99843
1109065053393,53743.4330576854,16.337085,0.0710360252018885,183.16102,10.99811
1109065053393,53743.4394188887,16.335623,0.0709623703935039,183.1611,10.99808
1109065053393,53743.4457820486,16.348199,0.0711160214991148,183.16106,10.99814
1109065053393,53743.4521456715,16.338217,0.0709502674572335,183.16103,10.99806
1109065053393,53758.4027865972,16.319827,0.0706498065741029,183.16105,10.9981
1109065053393,53758.4086543634,16.3356,0.0708135896579905,183.16103,10.99805
1109065053393,53758.4146442479,16.343981,0.0709091280664382,183.16099,10.99806
1109065053393,53758.420612141,16.333435,0.070680962602255,183.16103,10.99807
1109065053393,53765.4439632753,16.211568,0.0693175975849557,183.16105,10.99809
1109065053393,53765.4504890624,16.223393,0.0695351038639326,183.16101,10.99809
1109065053393,53765.4570066319,16.196461,0.0691239484492873,183.16105,10.99814
1109065053393,53765.4636187614,16.262661,0.069969872514375,183.16103,10.99813
1109065053393,53905.2145601273,16.176532,0.127571992697713,183.16108,10.99817
1109065053393,53905.215531933,16.290294,0.133374636766994,183.16103,10.99815
1109065053393,53905.2164948265,16.223257,0.129714172800188,183.16109,10.99811
1109065053393,53905.2174574886,16.235063,0.130306194832178,183.16109,10.99809
1109065053393,53797.3431980209,16.386805,0.0724593100885545,183.16106,10.99806
1109065053393,53797.3510474768,16.371479,0.0727174878490611,183.16106,10.99812
1109065053393,53797.3585183332,16.392492,0.0722886185852094,183.16109,10.99809
1109065053393,53797.3662238079,16.36464,0.0718539872454021,183.1611,10.9981
1109065053393,53816.4410417128,16.234387,0.077017138109384,183.1611,10.99814
1109065053393,53816.4461023842,16.257573,0.0776145643850933,183.16103,10.99808
1109065053393,53816.4512233563,16.275826,0.0779872094023818,183.16111,10.99814
1109065053393,53816.4563385417,16.211228,0.0769719561389537,183.1611,10.99816
1109065053393,53857.2519962038,16.220618,0.0713230025956787,183.161,10.99816
1109065053393,53857.2568588308,16.231768,0.0717465101813778,183.16107,10.99815
1109065053393,53857.2617300116,16.259032,0.0735420405187041,183.16108,10.99818
1109065053393,53857.2666080324,16.19559,0.07218051570635,183.161,10.99814
1109065053393,53876.2137110531,16.245911,0.071261210414702,183.16107,10.99814
1109065053393,53876.2212916319,16.196912,0.070527438904574,183.1611,10.99805
1109065053393,53876.2288460648,16.239802,0.0712223244043594,183.16113,10.99813
1109065053393,53876.2364163427,16.25658,0.0715583734661627,183.16104,10.99813
1109065053393,54201.2826654743,16.397232,0.0715331435737139,183.16102,10.99816
1109065053393,54201.292124514,16.390967,0.0716186430071863,183.16105,10.99814
1109065053393,54201.3015737035,16.394408,0.0716955412892459,183.16107,10.99811
1109065053393,54201.3110408448,16.39796,0.0717589580937532,183.16103,10.99805
1109065053393,54212.2201919444,16.323567,0.069940036040413,183.161,10.99813
1109065053393,54212.2294609258,16.318768,0.0698232857549986,183.16101,10.99809
1109065053393,54212.2387818056,16.334011,0.0700061102029519,183.16103,10.99809
1109065053393,54212.2480652086,16.250911,0.0689841404620678,183.16101,10.99809
1109065053393,54450.4456874998,16.254778,0.0688316204178021,183.16098,10.99816
1109065053393,54450.4523535762,16.205832,0.0681403058115116,183.161,10.99804
1109065053393,54450.459069653,16.272567,0.0689174498075748,183.16102,10.9981
1109065053393,54450.4657374653,16.233569,0.068384738017567,183.16097,10.99809
1109065053393,54146.4347705091,16.291295,0.0709711834566785,183.16106,10.99806
1109065053393,54146.4407167593,16.380307,0.0722099061570179,183.16106,10.99815
1109065053393,54146.4466723725,16.357798,0.0717400679082336,183.16111,10.99818
1109065053393,54146.4526344794,16.36384,0.0718004723744999,183.16107,10.99819
1109065053393,54159.4223828008,16.233127,0.0686884387071045,183.16102,10.99818
1109065053393,54159.4303664118,16.205495,0.0678862359689006,183.16106,10.99816
1109065053393,54159.4382934258,16.15619,0.0676232289907998,183.1611,10.9981
1109065053393,54159.4461562038,16.248307,0.0687540215820484,183.16098,10.99813
1109065053393,54127.363910104,16.217431,0.0702081699565242,183.16101,10.99815
1109065053393,54127.3743123495,16.235682,0.0704168311384659,183.16103,10.99809
1109065053393,54127.3834372339,16.208282,0.0700150080805382,183.16102,10.99813
1109065053393,54127.3925290046,16.246552,0.0704739812083248,183.16106,10.99814
1109065053393,54265.1985299769,16.180461,0.0701855691925192,183.16109,10.99815
1109065053393,54265.2066852432,16.218141,0.0707811587223185,183.16101,10.99809
1109065053393,54265.2148514004,16.229127,0.0710625666576064,183.1611,10.99811
1109065053393,54265.2230106019,16.290368,0.0721479314264688,183.16102,10.99819
1109065053393,54168.3862908795,16.235107,0.0683065786705544,183.16104,10.99809
1109065053393,54168.3901841319,16.287422,0.0690358375506842,183.16099,10.99814
1109065053393,54168.3941200925,16.245599,0.068561443699343,183.161,10.99815
1109065053393,54168.3980590627,16.243336,0.0685098796546911,183.16104,10.99817
1109065053393,54174.3796512964,16.228637,0.0682110669753184,183.16108,10.99811
1109065053393,54174.3891482987,16.238231,0.0683393465991257,183.16108,10.99808
1109065053393,54174.3986539813,16.236229,0.0682961210104641,183.16104,10.99808
1109065053393,54174.4081396298,16.289625,0.0690531411687242,183.161,10.99812
1109065053393,54179.3211243404,16.237928,0.0686765237151516,183.16101,10.99813
1109065053393,54179.3288409258,16.192386,0.0681015824012904,183.16105,10.99809
1109065053393,54179.3357096645,16.191191,0.0681269183253855,183.16103,10.99811
1109065053393,54179.3425936923,16.207954,0.0682831696736476,183.16103,10.9981
1109065053393,54233.2570544211,16.329582,0.0715309465678596,183.16109,10.99809
1109065053393,54233.2640553471,16.317052,0.0712179343598724,183.16101,10.9981
1109065053393,54233.2710857987,16.329553,0.0714734238124274,183.16107,10.99811
1109065053393,54233.278105706,16.40487,0.0726444308819638,183.16108,10.99818
1109065053393,54242.1899066204,16.161955,0.06919289715979,183.16104,10.998
1109065053393,54242.197219016,16.159301,0.068656528760255,183.16101,10.99814
1109065053393,54242.2044560649,16.168395,0.0693590474098786,183.16108,10.99807
1109065053393,54242.2116947337,16.189193,0.0694822008543752,183.16108,10.99807
1109065053393,54562.3560701041,16.278185,0.070195158424616,183.16108,10.99807
1109065053393,54562.3612325117,16.277085,0.0702205678879718,183.161,10.99806
1109065053393,54562.3663921412,16.293677,0.0705037411916211,183.16106,10.9981
1109065053393,54562.371552581,16.314799,0.0708910857587554,183.16102,10.99812
1109065053393,54568.2739789118,16.303804,0.069293939080167,183.16108,10.99813
1109065053393,54568.2847300349,16.253363,0.0687233359202858,183.161,10.99814
1109065053393,54568.295492257,16.268093,0.0688985880178051,183.16101,10.99813
1109065053393,54568.3061956829,16.198828,0.0680842491742192,183.16107,10.99809
1109065053393,54822.5334012614,16.257137,0.0714607714089074,183.16101,10.99804
1109065053393,54822.53952147,16.262536,0.0714885732107029,183.161,10.99811
1109065053393,54822.545582766,16.225962,0.0709299488496063,183.16101,10.99806
1109065053393,54822.551671956,16.227433,0.0709276175821618,183.16102,10.99814
1109065053393,54502.406037766,16.243098,0.0682307747909453,183.16099,10.99809
1109065053393,54502.4144542706,16.240884,0.068130557590658,183.16103,10.99808
1109065053393,54502.4228765625,16.25223,0.0682773534053644,183.161,10.99808
1109065053393,54502.431288206,16.256138,0.0683796591532702,183.16102,10.99811
1109065053393,54523.4252080438,16.318696,0.0691106050653089,183.16105,10.99811
1109065053393,54523.4351144442,16.314287,0.0690920710445648,183.16104,10.99814
1109065053393,54523.445007639,16.270356,0.0685367594795902,183.16105,10.9981
1109065053393,54523.4549496877,16.238636,0.0681943836634254,183.16098,10.99812
1109065053393,54476.4327514581,16.314353,0.0692504363788723,183.16102,10.99807
1109065053393,54476.4419509838,16.317976,0.0692670630148041,183.16106,10.99808
1109065053393,54476.4504309143,16.316842,0.069190989531472,183.16101,10.99814
1109065053393,54476.4588496294,16.313406,0.0691034969469766,183.16101,10.99816
1109065053393,54483.4410093636,16.248627,0.0682417449342925,183.16101,10.99809
1109065053393,54496.3910883335,16.28922,0.0688150987245067,183.16101,10.99815
1109065053393,54496.3954611225,16.282374,0.0686688358030147,183.161,10.99809
1109065053393,54496.3998014932,16.25619,0.0683262232191009,183.16098,10.99813
1109065053393,54496.4041675692,16.301438,0.0688657365012001,183.16103,10.99811
1109065053393,54625.2090734956,16.318515,0.0704708551358468,183.16106,10.99821
1109065053393,54625.2162493169,16.250173,0.0695448111888768,183.161,10.99807
1109065053393,54625.2234775694,16.335407,0.0708280865816771,183.16103,10.99818
1109065053393,54625.2306750347,16.256015,0.0698725191672528,183.16101,10.99817
1109065053393,54532.2756620371,16.220153,0.0609378253183026,183.16101,10.99812
1109065053393,54532.2881223727,16.229856,0.0610350993287178,183.16103,10.99808
1109065053393,54532.3005863079,16.212429,0.0608774275660101,183.16107,10.99803
1109065053393,54532.3130954863,16.246827,0.0613167327015744,183.16106,10.99808
1109065053393,54535.2747851387,16.293197,0.0692781655173409,183.16107,10.99806
1109065053393,54535.2769309608,16.299487,0.0694009336596614,183.16097,10.99812
1109065053393,54535.2790796761,16.30075,0.0693224967146176,183.16097,10.99816
1109065053393,54535.281226771,16.265558,0.0689005370788413,183.16099,10.99808
1109065053393,54554.2631528471,16.287075,0.0692758984549746,183.16108,10.99812
1109065053393,54554.2701612962,16.277078,0.0691557254037153,183.16104,10.99808
1109065053393,54554.2771893172,16.293396,0.0693112217803094,183.16102,10.99811
1109065053393,54554.2842023959,16.268355,0.0689551965384032,183.16103,10.99814
1109065053393,54587.1528381715,16.341301,0.0700410119266862,183.16101,10.99806
1109065053393,54587.1582471179,16.367535,0.0703760149332748,183.16104,10.99809
1109065053393,54587.1636258564,16.424602,0.0711712004299115,183.16099,10.99809
1109065053393,54587.1689963774,16.378292,0.070414501300091,183.16099,10.99821
1109065053393,54948.2977713076,16.178655,0.0684056977012436,183.16104,10.99814
1109065053393,54948.3042525463,16.204044,0.0687643470193746,183.16106,10.99817
1109065053393,54948.310892697,16.212648,0.0689275501315387,183.16098,10.99814
1109065053393,54948.3175513772,16.246111,0.0694466156778097,183.16106,10.9981
1109065053393,54863.4710608102,16.327212,0.0690509347577241,183.16101,10.9981
1109065053393,54863.4765454629,16.326099,0.0690827649808022,183.16109,10.99812
1109065053393,54863.4819642478,16.368968,0.0696690635888643,183.161,10.99813
1109065053393,54863.4874230786,16.375386,0.0696833259259614,183.16099,10.99813
1109065053393,54877.4721414003,16.318117,0.0733036740960298,183.16105,10.99811
1109065053393,54877.4775542825,16.332151,0.0739233746812657,183.1609,10.9982
1109065053393,54877.5009557985,16.352129,0.0750293780331506,183.16101,10.99818
1109065053393,54877.5080863659,16.318783,0.0751425006804466,183.16101,10.99807
1109065053393,54856.4195623035,16.328733,0.0688859288386055,183.16105,10.99808
1109065053393,54856.4287364814,16.3287,0.0688852806109527,183.16105,10.99803
1109065053393,54856.4379974767,16.287659,0.0683809791478144,183.16102,10.99805
1109065053393,54856.4471625229,16.277221,0.0681612208182204,183.16099,10.99807
1109065053393,54905.3194311806,16.22485,0.0683484447113833,183.16102,10.99805
1109065053393,54905.324886655,16.278163,0.0690741315428973,183.16101,10.99814
1109065053393,54905.3303085766,16.205908,0.0681426711268567,183.16101,10.99817
1109065053393,54905.3356759721,16.191615,0.0680142266916085,183.16102,10.99812
1109065053393,54911.3260494213,16.244106,0.0649221605593157,183.16104,10.99813
1109065053393,54911.3343735648,16.243932,0.0648819700840668,183.16104,10.99813
1109065053393,54911.3428271067,16.247937,0.0648904272431563,183.16104,10.99816
1109065053393,54911.3512182639,16.260131,0.0650538624059542,183.16107,10.99811
1109065053393,54918.2271746527,16.329921,0.0699473935353029,183.16104,10.99813
1109065053393,54918.2319699307,16.33315,0.0699184907154219,183.16098,10.99809
1109065053393,54918.2368599884,16.350198,0.0701051156810326,183.16104,10.99811
1109065053393,54918.2417139467,16.420017,0.0710854167543156,183.16093,10.99813
1109065053393,54968.1748893289,16.266885,0.070439257110199,183.16107,10.99808
1109065053393,54968.1821936457,16.282735,0.0706873669587536,183.16094,10.99804
1109065053393,54968.1895457637,16.266761,0.070379107547318,183.16105,10.99814
1109065053393,54968.1968183448,16.274151,0.0705764734744637,183.161,10.99815
1109065053393,55290.209443287,16.372563,0.0708955926166144,183.16108,10.99811
1109065053393,55290.2163771992,16.376845,0.0709407882408963,183.16104,10.99806
1109065053393,55290.2233187617,16.353165,0.0705920421689097,183.16103,10.99809
1109065053393,55290.2302393867,16.352071,0.0705350455814564,183.1611,10.99809
1109065053393,55299.2123168286,16.441445,0.0974152741316594,183.16093,10.99821
1109065053393,55299.2164005901,16.389594,0.0958050683240198,183.16101,10.99813
1109065053393,55299.2204239004,16.379877,0.0954574005164773,183.16104,10.99808
1109065053393,55299.2245222571,16.433155,0.0969137832788632,183.16102,10.99807
1109065053393,55536.4818336689,16.25575,0.0758833759819866,183.16092,10.99828
1109065053393,55536.4934637733,16.161426,0.0777647635971389,183.16107,10.99822
1109065053393,55349.1509568055,16.227746,0.0629682204610409,183.16098,10.99815
1109065053393,55349.1589450694,16.223098,0.0628423010959854,183.161,10.99812
1109065053393,55349.1670194559,16.207514,0.062748750075987,183.16103,10.99814
1109065053393,55349.1750119791,16.256139,0.0706362591626814,183.16102,10.99811
1109065053393,55260.4042166551,16.223826,0.0685377951168489,183.1611,10.99811
1109065053393,55260.4093031366,16.300081,0.0695404821188242,183.16101,10.99821
1109065053393,55260.4144357988,16.291382,0.0694631726695069,183.16105,10.99814
1109065053393,55260.4195539006,16.202551,0.0684183398322462,183.16111,10.99823
1109065053393,55267.4467309606,16.376662,0.0711298893175812,183.16107,10.99813
1109065053393,55267.4525835877,16.398639,0.0714872607033811,183.16107,10.99815
1109065053393,55267.4584035534,16.359014,0.0710321412171818,183.16112,10.99809
1109065053393,55267.4642834142,16.353355,0.0709830382919617,183.16113,10.99812
1109065053393,55275.3868244444,16.245644,0.0688672469063821,183.16111,10.99813
1109065053393,55275.3931479049,16.221735,0.0685887053286946,183.1611,10.99815
1109065053393,55275.3995151506,16.238415,0.0688111338490907,183.16107,10.99816
1109065053393,55275.4059393057,16.225681,0.0686792643306154,183.16108,10.99823
1109065053393,55324.2238269327,16.242524,0.068959450241664,183.16102,10.99815
1109065053393,55324.2312214929,16.240165,0.0689498564361834,183.16105,10.99814
1109065053393,55324.2387735997,16.22655,0.0688044944651263,183.16104,10.99811
1109065053393,55324.2462653355,16.21832,0.0686570543107181,183.16103,10.99808
1109065053393,55336.228362361,16.377768,0.0710052739717436,183.161,10.99814
1109065053393,55336.2363801966,16.461764,0.0722420707103297,183.16099,10.99821
1109065053393,55336.2444676966,16.359423,0.0707737431274335,183.16099,10.99806
1109065053393,55336.2525292127,16.398728,0.0713554192138995,183.16094,10.99814
1109065053393,55655.3113728937,16.326085,0.066932908416313,183.16103,10.99818
1109065053393,55655.318297095,16.261699,0.0662602929794538,183.16103,10.9981
1109065053393,55655.3252047453,16.312011,0.0667694066302398,183.16106,10.99812
1109065053393,55655.3321403934,16.239361,0.0659484767227707,183.16107,10.99814
1109065053393,55663.1672732872,16.218133,0.0700555339864947,183.16101,10.99812
1109065053393,55663.1724147452,16.170034,0.0694530952912712,183.16099,10.99809
1109065053393,55663.1776261344,16.16286,0.0692347459217942,183.161,10.99809
1109065053393,55663.1827586806,16.19149,0.0696211041220394,183.16104,10.99809
1109065053393,55674.1553847222,16.424204,0.0897272598110573,183.16102,10.99838
1109065053393,55674.1632689238,16.490284,0.101309785132434,183.16107,10.99843
1109065053393,55674.1711909953,16.286041,0.0812850027917841,183.161,10.99832
1109065053393,55674.1791723147,16.327562,0.0751275854491216,183.16088,10.99813
1109065053393,55601.4191635186,16.389639,0.0716596850338555,183.161,10.99819
1109065053393,55601.4243471064,16.31979,0.070675229293973,183.16112,10.99818
1109065053393,55601.4295395603,16.323826,0.0706579176386875,183.16107,10.99811
1109065053393,55601.434774884,16.3662,0.0712774389485242,183.16101,10.99824
1109065053393,55617.4746840857,16.262089,0.0697051218754381,183.16107,10.99819
1109065053393,55617.4827818056,16.317797,0.0704257693701756,183.16107,10.99825
1109065053393,55617.4908788311,16.307639,0.0703210321683976,183.16106,10.9981
1109065053393,55617.4989827084,16.392536,0.0716343280217024,183.16098,10.99823
1109065053393,55563.4388626968,16.406309,0.0716842184436373,183.16098,10.99818
1109065053393,55563.4464093633,16.386143,0.0713207110645218,183.16101,10.99824
1109065053393,55563.4539927663,16.323155,0.070390975802125,183.16105,10.99808
1109065053393,55563.4616645603,16.39792,0.0714002157168287,183.16096,10.99818
1109065053393,55591.39659853,16.370351,0.0710777469295353,183.16101,10.99819
1109065053393,55591.4017575928,16.341695,0.0706202144363172,183.16098,10.99816
1109065053393,55591.40698853,16.373058,0.0710500509213532,183.16103,10.99811
1109065053393,55591.4122220138,16.330365,0.0704417240931645,183.16099,10.99807
1109065053393,55624.3899785647,16.380922,0.0677487848020878,183.16104,10.99815
1109065053393,55624.4010616665,16.416692,0.0682168347504508,183.161,10.99825
1109065053393,55624.4121586572,16.379081,0.0677332469975801,183.16111,10.99806
1109065053393,55624.4232540278,16.432387,0.0683991798464069,183.1611,10.99821
1109065053393,55644.2765406016,16.299613,0.0710124678139337,183.16102,10.99813
1109065053393,55644.2831188426,16.28557,0.0708521187863796,183.16104,10.99812
1109065053393,55644.2897503008,16.379875,0.0722455463208628,183.1609,10.99816
1109065053393,55644.2964257756,16.388516,0.0723551893516423,183.16105,10.99822
1109065053393,55705.1416227315,16.2805,0.0711046893116923,183.16107,10.99819
1109065053393,55705.1507726275,16.236353,0.0704951165907658,183.1611,10.99811
1109065053393,55705.1599817942,16.264202,0.0709411998814498,183.16103,10.99812
1109065053393,55705.1690899073,16.201067,0.0699222813280897,183.16113,10.99806
1109065053393,53828.279975845,16.073314,0.0754839534998626,183.16107,10.99809
1109065053393,53828.3079091781,16.245914,0.0714171254679664,183.16106,10.99813
1109065053393,54483.4454249768,16.23081,0.0680862059019083,183.16106,10.99807
1109065053393,54483.4519400001,16.253526,0.0683385385781249,183.16095,10.99811
1109065053393,54483.4585111691,16.295057,0.0688539903561572,183.161,10.99813
1109065053393,54483.4651509607,16.289236,0.0687897365472797,183.16107,10.99805
1109065053393,55299.2317686575,16.391858,0.0706880343709229,183.16105,10.99813
1109065053393,55299.2386783795,16.398519,0.0708350039196701,183.16098,10.99814
1109065053393,55299.2456799191,16.384005,0.0705559331302928,183.16102,10.99815
1109065053393,55299.2526331944,16.400683,0.0708548383047208,183.16102,10.99811
1109065053393,53828.3330735071,16.254902,0.0721031529602195,183.16103,10.99815
1109065053393,53828.3480722802,16.308495,0.0734515882727972,183.16109,10.99812
1109065053393,53828.3571887151,16.278229,0.0746031022371952,183.16107,10.99811
1109065053393,53828.3617797918,16.29637,0.0721109388862822,183.16103,10.99812
1109065053393,55892.4910403937,16.265991,0.0693824324608129,183.16101,10.99815
1109065053393,55892.4962053588,16.25743,0.069249532711206,183.1611,10.99802
1109065053393,55892.5014638775,16.270884,0.0693776124240734,183.16109,10.99815
1109065053393,55892.5066946875,16.229518,0.06877276529939,183.16107,10.9981
1109065053393,55920.4563346645,16.297887,0.0698223175181056,183.16113,10.99806
1109065053393,55920.4655710301,16.29545,0.0696959437724071,183.16107,10.99812
1109065053393,55920.4748430438,16.260433,0.0691902040360792,183.16109,10.99808
1109065053393,55920.4839915047,16.275753,0.0693882883692134,183.16109,10.99805
1109065053393,55927.4851669446,16.325903,0.0700898868116522,183.16111,10.99809
1109065053393,55927.4943801505,16.387859,0.0708602798100504,183.16111,10.99804
1109065053393,55927.5036912849,16.319835,0.0698361122112191,183.16112,10.99804
1109065053393,55927.5129243173,16.370999,0.070594023229409,183.1611,10.99812
1109065053393,55959.445439097,16.232613,0.0687927285798434,183.16116,10.99805
1109065053393,55959.4510966898,16.237171,0.0688089915887137,183.16111,10.99811
1109065053393,55959.4567798381,16.221325,0.0685940222760872,183.16117,10.99808
1109065053393,55959.4624993401,16.232897,0.0687855701970022,183.16108,10.99814
1109065053393,55975.4432713771,16.35989,0.070885761530042,183.16109,10.99809
1109065053393,55975.4507025345,16.386124,0.0712888441849988,183.16112,10.99806
1109065053393,55975.4580613542,16.402503,0.0715271402298611,183.16108,10.9981
1109065053393,55975.465495104,16.427043,0.0718951632856559,183.16108,10.99812
1109065053393,55982.3446350116,16.32092,0.0700230485409166,183.16117,10.99815
1109065053393,55982.3496881598,16.389736,0.07098276214001,183.16111,10.99809
1109065053393,55982.3547803355,16.365646,0.0706434278380436,183.1611,10.9981
1109065053393,55982.3598912386,16.358695,0.0705189216500789,183.16108,10.99804
1109065053393,55989.251509699,16.282021,0.0700966245435576,183.16109,10.99818
1109065053393,55989.2565900465,16.340806,0.0708695376639355,183.16102,10.9981
1109065053393,55989.2617458683,16.284116,0.0701079894028612,183.16109,10.99805
1109065053393,55989.2668436919,16.26025,0.0696982079875335,183.16108,10.99807
1109065053393,55999.3342560534,16.239839,0.0690936236149869,183.16112,10.99805
1109065053393,55999.3393648728,16.293727,0.0697425311631619,183.16111,10.99805
1109065053393,55999.3443871294,16.265033,0.0694023145235831,183.16105,10.99813
1109065053393,55999.3494359837,16.271476,0.0694391004262579,183.16117,10.99806
1109065053393,56007.3710757409,16.204639,0.0650734920959192,183.1611,10.99809
1109065053393,56007.3813689699,16.230808,0.0654087710351971,183.16111,10.9981
1109065053393,56007.3916835765,16.187842,0.0649669739722788,183.16111,10.9981
1109065053393,56007.4020240971,16.22657,0.0654170449339352,183.16115,10.99812
1109065053393,56016.339576609,16.256082,0.0696681138488421,183.1611,10.99814
1109065053393,56016.3464930556,16.220274,0.0692689881591187,183.1611,10.99808
1109065053393,56016.3534591436,16.234151,0.0694448807929484,183.16114,10.99814
1109065053393,56016.3603819674,16.193077,0.0689242908766354,183.16116,10.99808
1109065053393,56029.1997311111,16.229349,0.0693309353283717,183.16111,10.99805
1109065053393,56029.2048503473,16.176192,0.0717262984071205,183.16111,10.99808
1109065053393,56029.2099692593,16.247394,0.0695669584717019,183.16104,10.9981
1109065053393,56029.2150093173,16.298787,0.0702847368407352,183.16115,10.9981
1109065053393,56035.2178175696,16.398532,0.0716755875123566,183.16109,10.99805
1109065053393,56035.2233610763,16.393395,0.0715757216191836,183.16112,10.99811
1109065053393,56035.2289725812,16.396966,0.0716485547869209,183.16109,10.99808
1109065053393,56035.2345575001,16.385459,0.0714812870228259,183.16116,10.99813
1109065053393,56251.5028671646,16.352291,0.0709209016551104,183.16114,10.99815
1109065053393,56251.5079662614,16.341301,0.0707325977432519,183.16109,10.99813
1109065053393,56251.5130677777,16.444194,0.0720629230738738,183.16106,10.99813
1109065053393,56251.5182357524,16.334154,0.0704549772242934,183.16103,10.99816
1109065053393,56263.4941298263,16.1842,0.0691761937250976,183.16111,10.99811
1109065053393,56263.4992342475,16.14225,0.0689846875547631,183.16106,10.99804
1109065053393,56263.5043528127,16.191178,0.0708691292834629,183.16107,10.99812
1109065053393,56263.5126146991,16.182332,0.0688478540538749,183.16102,10.99815
1109065053393,56300.4142151275,16.39815,0.0718861830077741,183.161,10.99813
1109065053393,56300.4187653703,16.400768,0.0718359643304019,183.16103,10.99808
1109065053393,56300.423308773,16.335972,0.0709246016221731,183.16106,10.99811
1109065053393,56300.4278228474,16.348309,0.0710168977387353,183.16111,10.99806
1109065053393,56311.4679402085,16.226877,0.0692545057510106,183.16106,10.99807
1109065053393,56311.4730694098,16.242229,0.0695022044516516,183.16106,10.99814
1109065053393,56311.4781960533,16.234257,0.0696237026135474,183.16109,10.99811
1109065053393,56311.4833345255,16.251954,0.0698074593851289,183.16109,10.99815
1109065053393,56330.5113041205,16.342137,0.0708608233442403,183.16106,10.9981
1109065053393,56330.5169986109,16.373003,0.0713621755005526,183.16113,10.99812
1109065053393,56330.5226712502,16.406408,0.0718884651663079,183.16109,10.99815
1109065053393,56330.5283570718,16.344236,0.0710447705925747,183.16107,10.9981
1109065053393,56339.3764860071,16.30044,0.0698529620382264,183.16107,10.99809
1109065053393,56339.3815099769,16.237991,0.0689777970589131,183.1611,10.99809
1109065053393,56339.386637222,16.268481,0.0694145195926612,183.16109,10.99806
1109065053393,56339.3917196528,16.268042,0.0693656891134871,183.16106,10.99814
1109065053393,56354.4474908216,16.320402,0.0702958396139149,183.16111,10.99812
1109065053393,56354.4525419097,16.28359,0.0699884658684327,183.16111,10.99816
1109065053393,56354.4576848727,16.341547,0.0708056056472687,183.16113,10.99812
1109065053393,56354.4649753007,16.323092,0.0704469189281203,183.16106,10.99809
1109065053393,56365.2979651968,16.206025,0.0652820205986019,183.16107,10.99811
1109065053393,56365.3054341668,16.233588,0.0655586321828906,183.16104,10.99808
1109065053393,56365.312971956,16.232239,0.0655483852380978,183.16112,10.99806
1109065053393,56365.3204848262,16.241641,0.0656410211758182,183.1611,10.9981
1109065053393,56371.2158576041,16.238075,0.0774753104200395,183.161,10.99823
1109065053393,56371.2197182062,16.183298,0.0776038337407196,183.16098,10.99834
1109065053393,56371.2236759258,16.264957,0.0781679847836383,183.16105,10.99826
1109065053393,56371.2276260071,16.251557,0.0762472116828834,183.16099,10.99836
1109065053393,55949.3712262963,16.381295,0.0710812324108461,183.16109,10.99814
1109065053393,55949.3813628242,16.328614,0.070297626793596,183.16113,10.99809
1109065053393,55949.3916363888,16.335494,0.0702909887546137,183.16108,10.9981
1109065053393,55949.4018546529,16.310367,0.0699332971850045,183.16106,10.99809
1109065053393,56388.2763895372,16.208548,0.0656629360521437,183.16113,10.99812
1109065053393,56388.2856759027,16.209345,0.0656995439356944,183.16108,10.99816
1109065053393,56388.2950410995,16.180553,0.0654541947479044,183.16109,10.99807
1109065053393,56388.3042953241,16.144463,0.0650382641419049,183.16105,10.99808
1109065053393,56393.2455108566,16.191312,0.0687232303583918,183.16109,10.99811
1109065053393,56393.2505765627,16.16309,0.0682962220844148,183.16111,10.99807
1109065053393,56393.2556201043,16.205817,0.068882253410569,183.16109,10.99808
1109065053393,56393.2607401619,16.145892,0.0681122764427093,183.16112,10.99807
1109065053393,56423.2082484607,16.222558,0.0701333963379406,183.1611,10.99805
1109065053393,56423.2154443171,16.226396,0.0728932606128618,183.1611,10.99813
1109065053393,56423.2227488775,16.335879,0.0726166426959326,183.16111,10.99818
1109065053393,56423.2517400696,16.348335,0.0735483522266668,183.16114,10.99814
1109065053393,56444.1795860184,16.315026,0.0712182177488746,183.1611,10.99809
1109065053393,56444.1857584375,16.345219,0.0717577578383315,183.1611,10.99812
1109065053393,56444.1920099189,16.359764,0.0719708400851373,183.1611,10.9982
1109065053393,56444.1982204397,16.327925,0.0715024327939228,183.1611,10.99809
