1109066011253,53466.262670706,14.763838,0.0565838262966812,184.27774,8.95211
1109066011253,53466.2701926157,14.717576,0.0563561011698839,184.27781,8.95212
1109066011253,53466.2777270139,14.735225,0.0564264505095926,184.27772,8.95211
1109066011253,53466.2852693982,14.710152,0.0562972510668479,184.27774,8.95209
1109066011253,53710.5182268056,14.752155,0.0568205222973522,184.27776,8.95211
1109066011253,53710.5241839234,14.766015,0.0568580975453746,184.27768,8.95209
1109066011253,53710.5302468403,14.749303,0.0567832696785434,184.27773,8.95209
1109066011253,53710.5363268866,14.735704,0.0567097680713691,184.2777,8.95212
1109066011253,53731.4827815974,14.753696,0.0568286476141055,184.27773,8.95212
1109066011253,53731.4908661461,14.761497,0.0568525915307671,184.27775,8.95212
1109066011253,53731.4989327546,14.775192,0.0571411238875222,184.2777,8.9521
1109066011253,53731.5070022452,14.786171,0.0570764513898216,184.27785,8.9521
1109066011253,53553.1607967592,14.736054,0.0574290846498055,184.27775,8.95214
1109066011253,53553.167219074,14.770012,0.0576583478651917,184.27773,8.95216
1109066011253,53553.1737027313,14.771913,0.0577230363841223,184.27772,8.95215
1109066011253,53553.1801176271,14.779155,0.0578065260498237,184.27775,8.95214
1109066011253,53528.1923725926,14.654453,0.0564799779681971,184.27777,8.95217
1109066011253,53528.199861736,14.68672,0.0566499107636493,184.27784,8.95212
1109066011253,53528.2073545833,14.642404,0.0564681893921718,184.2777,8.95214
1109066011253,53528.2148296065,14.676128,0.0566588477940133,184.27781,8.95215
1109066011253,53499.1875439929,14.740343,0.0567005998672242,184.27776,8.9521
1109066011253,53499.192912315,14.753046,0.0567507841376734,184.27773,8.95208
1109066011253,53499.1982489238,14.758542,0.0567732914157791,184.27772,8.95217
1109066011253,53499.2035847223,14.734117,0.0566702473264392,184.27776,8.95208
1109066011253,53520.2293576272,15.436442,0.0806001576251285,184.27821,8.95218
1109066011253,53520.2358309836,14.784914,0.057528048653032,184.27778,8.95216
1109066011253,53520.2422384839,14.792969,0.0577506378702465,184.27773,8.95213
1109066011253,53520.2486779168,14.789101,0.0575473246993287,184.27782,8.95214
1109066011253,53704.4905420137,14.802581,0.0574779981526991,184.27774,8.9521
1109066011253,53704.4970415277,14.808058,0.0576158450359666,184.27771,8.95213
1109066011253,53704.5036226506,14.82217,0.057792826474658,184.27775,8.95214
1109066011253,53704.5101560764,14.820892,0.0578124214452194,184.2777,8.95215
1109066011253,53828.2370174537,14.860899,0.0637973721174458,184.27772,8.9521
1109066011253,53828.2395742941,14.819042,0.0620707174710974,184.27767,8.95211
1109066011253,53828.2422167938,14.872115,0.0612941971251437,184.27769,8.95211
1109066011253,53828.2447471181,14.756721,0.0642259229859941,184.27763,8.9522
1109066011253,53843.2669437039,14.700387,0.0572037050397612,184.27774,8.95209
1109066011253,53843.2750442247,14.693116,0.0571623815938847,184.27773,8.95213
1109066011253,53843.2831501737,14.685576,0.0571046017258029,184.27773,8.95211
1109066011253,53843.2912063659,14.699834,0.0571949678528484,184.27776,8.95211
1109066011253,54085.4606486112,14.768085,0.0568007892424286,184.27768,8.95213
1109066011253,54085.4736045832,14.75797,0.0569283048569339,184.2777,8.95214
1109066011253,54085.4857346993,14.76086,0.05667837393353,184.27767,8.95211
1109066011253,54085.4961918173,14.761638,0.0577713224079191,184.27773,8.9521
1109066011253,54095.4426578586,14.750398,0.0565834516497923,184.27771,8.95212
1109066011253,54095.4545437498,14.754836,0.0565419044267627,184.27771,8.95212
1109066011253,54095.4664585763,14.777733,0.0566211445495472,184.27773,8.95212
1109066011253,54095.4783318518,14.776114,0.0565968987362632,184.27773,8.95211
1109066011253,53772.4464887614,14.663927,0.0563546813667473,184.27769,8.95213
1109066011253,53772.4540540627,14.656155,0.0563218915070236,184.27775,8.95215
1109066011253,53772.461676551,14.629858,0.0562189496261681,184.27778,8.95215
1109066011253,53772.4692644212,14.661499,0.0563613809831792,184.27772,8.95212
1109066011253,53774.4295112267,14.725683,0.0568023827194192,184.27773,8.95212
1109066011253,53774.4370033797,14.74018,0.0568939118792911,184.27773,8.9521
1109066011253,53774.4444969213,14.742815,0.0569809474190104,184.27774,8.95213
1109066011253,53774.452044514,14.752977,0.0571259238163193,184.27772,8.9521
1109066011253,53789.375011771,14.936163,0.0845706701872074,184.27749,8.95197
1109066011253,53789.3807586921,15.068671,0.113419937322726,184.27735,8.95198
1109066011253,53789.3865118749,14.989315,0.141811717453796,184.27738,8.95182
1109066011253,53743.433588854,14.795406,0.057250283853698,184.27769,8.95213
1109066011253,53743.439945648,14.821383,0.0573677766350984,184.27771,8.95209
1109066011253,53743.4463089234,14.802831,0.0572787981646763,184.27773,8.95212
1109066011253,53743.4526722105,14.811312,0.0572842976365929,184.27771,8.95211
1109066011253,53758.402252778,14.700846,0.0566991752167384,184.27773,8.95213
1109066011253,53758.4081154512,14.693952,0.0566659409320357,184.27769,8.95213
1109066011253,53758.4140960765,14.695355,0.0566501448380502,184.27773,8.95213
1109066011253,53758.4200633797,14.681379,0.0565641023447178,184.27773,8.95212
1109066011253,53765.4455528241,14.666827,0.0565785978984515,184.27772,8.95211
1109066011253,53765.4520865972,14.655839,0.0565249737444417,184.27774,8.9521
1109066011253,53765.4586050925,14.669229,0.0565955723900234,184.27771,8.95211
1109066011253,53765.4652423379,14.668685,0.0565369916127471,184.27775,8.95212
1109066011253,53905.2317479052,14.773601,0.081374135718942,184.2777,8.95212
1109066011253,53905.232812303,14.748564,0.0810728773750763,184.2777,8.95216
1109066011253,53905.233853565,14.789275,0.0818655529535555,184.27771,8.95216
1109066011253,53905.2349080093,14.748318,0.0809682504195862,184.27765,8.95204
1109066011253,53797.3426731019,14.652838,0.0566708676600199,184.27772,8.95212
1109066011253,53797.3505123844,14.656915,0.0567301011365014,184.27776,8.95211
1109066011253,53797.3579774536,14.610898,0.0573188622547012,184.27774,8.95211
1109066011253,53797.3656971646,14.688911,0.056668964436681,184.27774,8.95212
1109066011253,53816.4406316319,14.742934,0.0597731035117892,184.27773,8.95208
1109066011253,53816.4456267824,14.761743,0.0599869819322442,184.27773,8.95211
1109066011253,53816.4508123381,14.722159,0.0597120918169096,184.27779,8.95214
1109066011253,53816.4558168749,14.704459,0.0596428334645374,184.2778,8.95214
1109066011253,53857.2525191433,14.742243,0.0576897933892168,184.27777,8.95216
1109066011253,53857.257397396,14.751671,0.0578498886463558,184.27775,8.95212
1109066011253,53857.2622682406,14.697324,0.0581318187540128,184.2778,8.95214
1109066011253,53857.2671462614,14.725463,0.0580731742695264,184.27775,8.95209
1109066011253,53876.2142495024,14.671746,0.0571499952486047,184.27773,8.95209
1109066011253,53876.221846065,14.682938,0.0571799726775881,184.27773,8.95213
1109066011253,53876.2293903008,14.692997,0.0572551368336424,184.27773,8.95215
1109066011253,53876.2369541088,14.688518,0.0572644280688205,184.27776,8.95212
1109066011253,54201.283744236,14.648612,0.0564079192516746,184.27774,8.95212
1109066011253,54201.293200023,14.643728,0.0563853317436948,184.27771,8.95208
1109066011253,54201.3026634608,14.664119,0.0565042491858967,184.27774,8.95211
1109066011253,54201.3121202895,14.657541,0.0564849219099951,184.27777,8.95215
1109066011253,54212.2212509145,14.7606,0.0567322377346863,184.27773,8.9521
1109066011253,54212.2305417592,14.766293,0.0567578659267124,184.27771,8.95211
1109066011253,54212.2398471991,14.73747,0.0566098477292922,184.27776,8.95213
1109066011253,54212.2491364353,14.734689,0.0566040525677967,184.27772,8.95209
1109066011253,54159.422925185,14.653985,0.0561083862492058,184.2777,8.95212
1109066011253,54159.4309093752,14.662754,0.0562979521408211,184.27772,8.95217
1109066011253,54159.4388361573,14.808201,0.0568699120679827,184.27775,8.95206
1109066011253,54159.4466879396,14.652606,0.0560921784542156,184.27772,8.95212
1109066011253,54127.3667313078,14.778309,0.057516685085149,184.27767,8.95214
1109066011253,54127.3757883565,14.783025,0.0575144247432825,184.27769,8.95211
1109066011253,54127.3849105671,14.761869,0.0573642521611277,184.27773,8.95211
1109066011253,54127.394009861,14.773127,0.057416068914496,184.27774,8.9521
1109066011253,54265.1990722572,14.792761,0.0577091987061905,184.27775,8.9521
1109066011253,54265.207217685,14.795259,0.0577438421941909,184.27779,8.95213
1109066011253,54265.2153955209,14.788417,0.0577499604857492,184.2777,8.95214
1109066011253,54265.2235425692,14.794716,0.0578367787012518,184.27769,8.95214
1109066011253,54171.3363893172,14.675202,0.0561786029435422,184.2777,8.95212
1109066011253,54171.3447956364,14.684052,0.0562095404181621,184.27776,8.95212
1109066011253,54171.353188993,14.70787,0.0563239172773593,184.2777,8.95211
1109066011253,54171.3616014468,14.7208,0.0563922654648829,184.27772,8.95209
1109066011253,54179.3205934027,14.726849,0.0564917210542984,184.27774,8.95211
1109066011253,54179.3283024654,14.711969,0.0564314374479051,184.27774,8.95212
1109066011253,54179.3351782756,14.7071,0.0564212742704087,184.27774,8.95213
1109066011253,54179.34206022,14.635656,0.0562682184641071,184.27773,8.95214
1109066011253,54233.2575906827,14.767443,0.0572569779677731,184.27773,8.95213
1109066011253,54233.2645872105,14.778171,0.057289315812,184.27774,8.95213
1109066011253,54233.2716181134,14.779739,0.0573068913020671,184.27774,8.9521
1109066011253,54233.2786429976,14.787994,0.0574075209256773,184.27777,8.95211
1109066011253,54242.1904476159,14.757931,0.0572067023522831,184.27772,8.95214
1109066011253,54242.1977620949,14.759806,0.0572113040866745,184.27774,8.95211
1109066011253,54242.2049992709,14.753108,0.0572021196491718,184.27773,8.9521
1109066011253,54242.2122384026,14.776903,0.0573178990512653,184.27775,8.95212
1109066011253,54562.3566092476,14.76529,0.0570397162727388,184.27774,8.95211
1109066011253,54562.3617680674,14.789001,0.0571872052805146,184.27772,8.95211
1109066011253,54562.366932685,14.774148,0.0571263543477498,184.27773,8.95211
1109066011253,54562.3720961344,14.793604,0.0572648766250554,184.27777,8.9521
1109066011253,54568.2745209606,14.75217,0.0565358033362834,184.27777,8.95209
1109066011253,54568.2852617707,14.762534,0.0565900116109118,184.27775,8.95214
1109066011253,54568.2960276967,14.769529,0.0566257170993818,184.27775,8.95213
1109066011253,54568.3067307756,14.767905,0.0566528022205814,184.27777,8.95211
1109066011253,54502.4065725114,14.774547,0.0565225247448706,184.27774,8.9521
1109066011253,54502.4149916782,14.78,0.0565474005238206,184.27774,8.95209
1109066011253,54502.4234227776,14.776996,0.0565184780125427,184.27771,8.95209
1109066011253,54502.4318189118,14.769,0.0564780167476204,184.27775,8.95212
1109066011253,54523.4257499655,14.725971,0.0562779650993193,184.27773,8.95212
1109066011253,54523.4356465279,14.742495,0.0563482664037768,184.27768,8.95207
1109066011253,54523.4455479398,14.752704,0.0564202577252028,184.27773,8.95209
1109066011253,54523.4555037618,14.865043,0.0569833031376183,184.27774,8.95202
1109066011253,54476.4321452892,14.726422,0.0563583822451846,184.27772,8.95211
1109066011253,54476.4414187847,14.75372,0.0564556767939416,184.2777,8.9521
1109066011253,54476.4498898033,14.742315,0.0563985291296326,184.27773,8.9521
1109066011253,54476.4583182293,14.742909,0.0563909554092425,184.27775,8.95209
1109066011253,54483.4415500229,14.772292,0.0565247388851285,184.27769,8.9521
1109066011253,54496.3916312964,14.766084,0.0564950354163451,184.2777,8.95208
1109066011253,54496.3959995718,14.757975,0.0564350743476013,184.27771,8.95209
1109066011253,54496.400339942,14.779748,0.0565524014295041,184.27768,8.9521
1109066011253,54496.4047016203,14.780706,0.0565305833507801,184.27772,8.95208
1109066011253,54532.2747667362,14.676577,0.0534756526992116,184.2777,8.95211
1109066011253,54532.2872438543,14.675055,0.0534690297195131,184.27771,8.9521
1109066011253,54532.2997048958,14.69461,0.0535108984708928,184.27771,8.9521
1109066011253,54532.3122158218,14.703054,0.0535728299709981,184.27772,8.95211
1109066011253,54535.2710310185,14.721942,0.0589096360748488,184.27775,8.95212
1109066011253,54535.2714456252,14.705005,0.0588094531752794,184.27773,8.95213
1109066011253,54535.2718611459,14.719513,0.058893698074667,184.27772,8.95208
1109066011253,54535.2722781828,14.732942,0.0589731240265876,184.2777,8.95206
1109066011253,54554.262622037,14.786347,0.0567687774506446,184.27772,8.95211
1109066011253,54554.269625972,14.775799,0.0567344409779567,184.27773,8.95213
1109066011253,54554.2766544446,14.7805,0.0567372134923123,184.27772,8.95211
1109066011253,54554.2836698494,14.79993,0.0568391370592741,184.27772,8.9521
1109066011253,54587.1814072914,14.732296,0.0565276800962397,184.27773,8.95211
1109066011253,54587.1867761919,14.732993,0.0565133482582544,184.2777,8.95213
1109066011253,54587.1921645487,14.738891,0.0565579987303225,184.27774,8.95211
1109066011253,54587.1975453706,14.753767,0.0566316056470382,184.27771,8.95212
1109066011253,54794.523024641,14.748415,0.0564481996776919,184.2777,8.95212
1109066011253,54794.5295585301,14.750709,0.0564479608658153,184.27769,8.9521
1109066011253,54794.5353957405,14.73875,0.0571678572039701,184.2777,8.95213
1109066011253,54794.5416561226,14.690652,0.0566236721895879,184.27771,8.95208
1109066011253,54924.298036655,14.648266,0.0561373710379925,184.27772,8.95214
1109066011253,54924.3027593633,14.635182,0.0561199760464754,184.27776,8.9521
1109066011253,54924.3075240739,14.647488,0.0561656198786176,184.27774,8.95212
1109066011253,54924.3124121642,14.633926,0.0560898097264712,184.27775,8.95209
1109066011253,54948.2971640974,14.698239,0.0565332226328191,184.2777,8.95215
1109066011253,54948.303649514,14.692213,0.0565162273815483,184.27769,8.95212
1109066011253,54948.3102871063,14.69391,0.0565330591111165,184.27769,8.95215
1109066011253,54948.3169393055,14.682525,0.0564972805605837,184.27769,8.95216
1109066011253,55183.4941311344,14.746739,0.0565331102856628,184.27766,8.9521
1109066011253,55183.4993606829,14.752541,0.0565326497451056,184.27769,8.95213
1109066011253,55183.5045871064,14.750445,0.0564559064579658,184.27771,8.9521
1109066011253,55183.5097723263,14.7683,0.0565411756075312,184.27769,8.95214
1109066011253,54863.4716763543,14.66207,0.0559311154589349,184.27771,8.9521
1109066011253,54863.477152199,14.67298,0.0559793625332781,184.27773,8.95211
1109066011253,54863.48257794,14.667913,0.0559552007757975,184.27773,8.95211
1109066011253,54863.4879576042,14.659793,0.0559153785991267,184.27771,8.95209
1109066011253,54882.4462262155,14.659196,0.05595297537125,184.27771,8.95211
1109066011253,54882.4532089699,14.643176,0.0558865166731127,184.27773,8.9521
1109066011253,54882.4603493749,14.666145,0.0560156062927682,184.27771,8.95208
1109066011253,54882.4675076041,14.688263,0.0561106275567665,184.27773,8.95211
1109066011253,54856.4189508101,14.716245,0.0561054804182819,184.27771,8.95212
1109066011253,54856.4281247687,14.700748,0.0560303877972198,184.27771,8.95209
1109066011253,54856.4373887731,14.678017,0.055929251451707,184.2777,8.95213
1109066011253,54856.4465509146,14.664044,0.0558345214042366,184.27771,8.95211
1109066011253,54908.3370120255,14.62027,0.0558757688580195,184.27774,8.95211
1109066011253,54908.3418774307,14.634135,0.055893589244177,184.27773,8.95211
1109066011253,54908.346698727,14.614531,0.0558812362196993,184.27773,8.95209
1109066011253,54908.3515765164,14.619821,0.0558318471374163,184.27773,8.9521
1109066011253,54917.31247456,14.786115,0.0567789957746918,184.27761,8.95218
1109066011253,54917.3184644445,14.673974,0.0562187466423627,184.27773,8.95211
1109066011253,54917.3244132525,14.786216,0.0567546473258258,184.27771,8.95219
1109066011253,54917.3304235069,14.716925,0.0564310811895537,184.27771,8.95213
1109066011253,54968.1754987268,14.766859,0.0572400389498587,184.2777,8.95213
1109066011253,54968.1828046641,14.770647,0.057265491984087,184.2777,8.95212
1109066011253,54968.1901564351,14.761347,0.0572032143494859,184.27772,8.95212
1109066011253,54968.1974308798,14.741857,0.0571105958493179,184.27775,8.9521
1109066011253,55156.5141441897,14.759837,0.0568858960999454,184.27768,8.95214
1109066011253,55156.5201312965,14.767783,0.0569041665623597,184.27774,8.95209
1109066011253,55156.5262081712,14.747098,0.0567616164628646,184.27772,8.95214
1109066011253,55156.5323185185,14.759142,0.0567939789754943,184.27768,8.95208
1109066011253,55290.2100122916,14.73656,0.0567188105349266,184.27773,8.95215
1109066011253,55290.2169633336,14.755119,0.0568062074990585,184.27774,8.95213
1109066011253,55290.2238920601,14.779938,0.0569158267305701,184.27773,8.95216
1109066011253,55290.2308134837,14.788992,0.0569309478102825,184.27776,8.95214
1109066011253,55299.2126594329,14.781252,0.0658040891121753,184.2777,8.95211
1109066011253,55299.2167452894,14.787522,0.0658611941809673,184.27769,8.95211
1109066011253,55299.2207683682,14.766114,0.0656221831795642,184.2777,8.9521
1109066011253,55299.2248415973,14.756612,0.0654837328050781,184.27772,8.95211
1109066011253,55536.4824173842,14.708527,0.0588347667541666,184.27779,8.95208
1109066011253,55536.4940539701,14.74175,0.0611521621868576,184.27768,8.95207
1109066011253,55536.4999144445,14.543228,0.0698865162053689,184.27759,8.9519
1109066011253,55246.4417592939,14.700115,0.056861376566294,184.27775,8.95215
1109066011253,55246.4508354166,14.712153,0.0566162953192073,184.27774,8.95216
1109066011253,55246.4600172802,14.728492,0.0566357910079614,184.27776,8.95214
1109066011253,55246.4691098263,14.763697,0.0567989851838003,184.27773,8.95215
1109066011253,55349.1525637151,14.780548,0.0544971522471633,184.27773,8.95212
1109066011253,55349.160551632,14.761704,0.0544472443170544,184.27775,8.95214
1109066011253,55349.1686236921,14.782181,0.0545369197726605,184.27772,8.95213
1109066011253,55349.1766159955,14.953241,0.0600626639360001,184.27758,8.95208
1109066011253,55260.4036387382,14.668054,0.0562413332812762,184.27775,8.95214
1109066011253,55260.408722199,14.64677,0.0561158728841675,184.27778,8.95214
1109066011253,55260.41385544,14.640179,0.0561093998542613,184.27777,8.95212
1109066011253,55260.4189760997,14.652144,0.0562026387259548,184.27772,8.95213
1109066011253,55267.4461626387,14.70193,0.0565734924511251,184.27775,8.95216
1109066011253,55267.4519899306,14.688474,0.056519456261695,184.27777,8.95215
1109066011253,55267.4578095488,14.69219,0.0565460332166681,184.27775,8.95216
1109066011253,55267.4636855787,14.68121,0.0565260868765483,184.27784,8.95215
1109066011253,55275.3874073494,14.731655,0.0565698756592971,184.27775,8.95214
1109066011253,55275.3937298842,14.755358,0.0566614167162335,184.27775,8.95215
1109066011253,55275.4000833449,14.751146,0.0566630165826009,184.27774,8.95213
1109066011253,55275.4064919096,14.754411,0.0566984414277426,184.27777,8.95216
1109066011253,55325.2520012036,14.669564,0.056340769121565,184.27772,8.95212
1109066011253,55325.2594965971,14.662636,0.056341768838945,184.27772,8.95218
1109066011253,55325.2669463195,14.667773,0.0563782191339731,184.27769,8.9522
1109066011253,55325.2744868863,14.706637,0.0565536685075129,184.27768,8.9521
1109066011253,55336.2266725809,14.739568,0.0567094648430517,184.27773,8.95212
1109066011253,55336.23464897,14.771054,0.0568658401947233,184.27771,8.95216
1109066011253,55336.2427383219,14.786135,0.0569528334676504,184.27766,8.95214
1109066011253,55336.2507878123,14.751153,0.0567976159585721,184.27772,8.95211
1109066011253,55655.3106705438,14.780614,0.0556600101600656,184.27775,8.95213
1109066011253,55655.3176097915,14.789412,0.0557253118544563,184.2777,8.9521
1109066011253,55655.3245154744,14.773207,0.0556410367508921,184.27771,8.95208
1109066011253,55655.3314526275,14.771747,0.0556409687240175,184.27772,8.95211
1109066011253,55663.187150104,14.750878,0.0572377748279045,184.27774,8.9521
1109066011253,55663.1923657637,14.754654,0.0572436158297351,184.2777,8.9521
1109066011253,55663.1975848959,14.7687,0.0573167404129538,184.2777,8.95212
1109066011253,55663.2027515974,14.747402,0.0571957462699652,184.27775,8.95209
1109066011253,55674.1548183682,14.792322,0.0635788797147412,184.27763,8.95209
1109066011253,55674.1706128358,14.743632,0.0621754712450884,184.27765,8.95206
1109066011253,55674.1786229862,14.723484,0.0584040857938192,184.27773,8.95209
1109066011253,55676.1746077201,14.728877,0.0587161148507944,184.27771,8.95209
1109066011253,55676.1806631366,14.749593,0.0588386384338927,184.27768,8.95213
1109066011253,55676.1866790627,14.70846,0.0585035744598523,184.27769,8.95206
1109066011253,55676.1927218636,14.703459,0.0586023357683775,184.27769,8.95206
1109066011253,55603.3755797803,14.695517,0.0551925097584984,184.27773,8.95209
1109066011253,55603.3846045256,14.698243,0.0551874366935215,184.27774,8.95208
1109066011253,55603.39367478,14.718723,0.0552760613515934,184.27774,8.95208
1109066011253,55603.40273331,14.727227,0.0552894861767766,184.27772,8.95208
1109066011253,55617.4764111457,14.752854,0.0568734420491618,184.27769,8.95214
1109066011253,55617.4845217015,14.779438,0.057045714628493,184.27772,8.95209
1109066011253,55617.4926296179,14.783049,0.0570629903887061,184.27769,8.9521
1109066011253,55617.5007326966,14.773781,0.0570386976311176,184.27771,8.95212
1109066011253,55577.450582558,14.747086,0.059009012286586,184.27769,8.95208
1109066011253,55577.4579235415,14.740802,0.0589932332108332,184.27768,8.95209
1109066011253,55577.4653168402,14.742489,0.0590302204422979,184.2777,8.95207
1109066011253,55577.4727834605,14.756248,0.059216427824657,184.27771,8.95208
1109066011253,55624.3892969329,14.662558,0.0552407162800342,184.27772,8.9521
1109066011253,55624.4003598959,14.651193,0.0552022764771002,184.27774,8.95209
1109066011253,55624.4114916086,14.658528,0.0552350101598071,184.27773,8.95209
1109066011253,55624.4225600114,14.755146,0.0556354033134232,184.27775,8.95208
1109066011253,55631.3676553586,14.639082,0.0551486274964177,184.27771,8.95209
1109066011253,55631.3759114699,14.63271,0.0551369275533108,184.27771,8.95208
1109066011253,55631.3842309838,14.643127,0.0551699883973963,184.27771,8.95209
1109066011253,55631.3926323264,14.658885,0.0552493086486926,184.27776,8.95209
1109066011253,55644.2759630326,14.713004,0.05700059879707,184.27769,8.95209
1109066011253,55644.2825448494,14.688328,0.0568801139426264,184.27768,8.95215
1109066011253,55644.2891765507,14.686085,0.0568868795634986,184.27768,8.95213
1109066011253,55644.295855023,14.677048,0.0568383365878683,184.2777,8.95211
1109066011253,55705.1433639121,14.649453,0.0568096353658359,184.27775,8.95212
1109066011253,55705.1524970257,14.643261,0.0567970482643018,184.27775,8.95217
1109066011253,55705.1616931018,14.666847,0.0568860560433566,184.27776,8.95214
1109066011253,55705.1708158101,14.646802,0.0567748160459446,184.27779,8.95213
1109066011253,53828.285661655,14.742085,0.0589840378551511,184.27774,8.95212
1109066011253,54483.4459555671,14.783209,0.0565749545246504,184.27768,8.95211
1109066011253,54483.452503345,14.773584,0.0565313912027935,184.27767,8.95209
1109066011253,54483.4590528589,14.792356,0.0565958542579003,184.27774,8.95213
1109066011253,54483.4657120947,14.792497,0.0565979856083107,184.27771,8.95211
1109066011253,55299.2323205439,14.749806,0.0565874694572813,184.27772,8.95213
1109066011253,55299.2392612733,14.74055,0.0565487475375332,184.27769,8.95215
1109066011253,55299.2462684838,14.73686,0.0565195784650676,184.2777,8.95213
1109066011253,55299.2532172455,14.714002,0.0563956988704773,184.27771,8.95211
1109066011253,55267.5012012154,14.743904,0.0597085090793541,184.27773,8.95215
1109066011253,55267.5040054053,14.741232,0.0597343256382679,184.27775,8.95217
1109066011253,55267.5068318287,14.74816,0.0598157187126066,184.27778,8.95215
1109066011253,55267.5096649538,14.745384,0.0598122482793481,184.27776,8.95217
1109066011253,55565.4928079052,14.652572,0.0563076246600049,184.27771,8.95208
1109066011253,55565.500374896,14.64419,0.0562794342270769,184.27771,8.95211
1109066011253,55565.5079782871,14.650354,0.0563169852032371,184.27772,8.95209
1109066011253,55565.5155942822,14.681451,0.0569206664951388,184.27768,8.95206
1109066011253,53828.3339799191,14.80851,0.0615483048368539,184.2777,8.95214
1109066011253,53828.3555393173,14.693591,0.0571889467051522,184.27773,8.95212
1109066011253,53828.3577282061,14.839239,0.0609636474427247,184.27774,8.95214
1109066011253,53828.362308993,14.665282,0.0569571319479086,184.27777,8.95212
1109066011253,55892.5133475694,14.825486,0.0570509659989554,184.27771,8.95212
1109066011253,55892.5179843749,14.799904,0.0569442874972976,184.27771,8.95218
1109066011253,55892.5226612846,14.7985,0.056930159273805,184.27773,8.95214
1109066011253,55892.5273641781,14.691406,0.056383137728122,184.27762,8.95206
1109066011253,55920.4557565162,14.715452,0.0566093970289137,184.27774,8.95215
1109066011253,55920.4649927663,14.682748,0.0564267768742813,184.27775,8.95213
1109066011253,55920.474261655,14.688009,0.0564315465384804,184.27771,8.95214
1109066011253,55920.4834194905,14.706609,0.0565006515358019,184.27775,8.95213
1109066011253,55927.4846281479,14.674947,0.0563647119360429,184.27777,8.95212
1109066011253,55927.4938017707,14.654646,0.0562215073982573,184.27776,8.95212
1109066011253,55927.5031168405,14.634502,0.0561385206634533,184.27777,8.95212
1109066011253,55927.5123406136,14.624685,0.0560834997347769,184.27777,8.95217
1109066011253,55959.4449003008,14.674912,0.0563255237046272,184.27774,8.95213
1109066011253,55959.4505544095,14.706888,0.0564708362650422,184.27774,8.95214
1109066011253,55959.4562087501,14.692151,0.0563655162851063,184.27776,8.95212
1109066011253,55959.4619293981,14.700183,0.0564244440348298,184.27773,8.95212
1109066011253,55975.4680894562,14.770939,0.0569369602531468,184.27773,8.95211
1109066011253,55975.4753653705,14.775709,0.0569669542377967,184.27777,8.95215
1109066011253,55975.4826997803,14.794114,0.0570710991119163,184.27776,8.95213
1109066011253,55975.4899718054,14.829271,0.0572860382224854,184.27779,8.95212
1109066011253,55982.4403255209,14.695581,0.0564678284533342,184.27775,8.95212
1109066011253,55982.44596978,14.712196,0.056544831045155,184.27776,8.95211
1109066011253,55982.4517066437,14.721285,0.0566101099847098,184.27774,8.95212
1109066011253,55982.4573303009,14.727103,0.0566281004575446,184.27777,8.95213
1109066011253,55988.3144172337,14.680508,0.0564557668637997,184.27776,8.95212
1109066011253,55988.3201045487,14.675526,0.0564115378912548,184.27774,8.95214
1109066011253,55988.3258012384,14.68649,0.0564557267024961,184.27771,8.95216
1109066011253,55988.3314976967,14.718461,0.0566240516756281,184.27776,8.95212
1109066011253,55999.3348212387,14.722545,0.0566136788366489,184.27774,8.95213
1109066011253,55999.3399313311,14.710166,0.0565254024385177,184.27773,8.95214
1109066011253,55999.3449586807,14.691188,0.0564481199420607,184.27775,8.95212
1109066011253,55999.3500021063,14.679742,0.0564102982905154,184.27776,8.95214
1109066011253,56007.3703939932,14.775556,0.0554543553124743,184.27773,8.95212
1109066011253,56007.3807088657,14.773114,0.0554615622674624,184.27774,8.95212
1109066011253,56007.3909737038,14.779327,0.0554984422602521,184.27773,8.95212
1109066011253,56007.4013129513,14.760743,0.0554271000182342,184.27774,8.95211
1109066011253,56016.3390141898,14.736772,0.0568311878213575,184.27775,8.95213
1109066011253,56016.3459298378,14.721026,0.0567533187744597,184.27776,8.95215
1109066011253,56016.3528823843,14.741238,0.0568663974704198,184.27775,8.95215
1109066011253,56016.3598400462,14.705165,0.0566965864275701,184.27774,8.95213
1109066011253,56029.2002891204,14.748071,0.0569036256817734,184.27775,8.95214
1109066011253,56029.20543544,14.660285,0.0589772716320759,184.27775,8.95212
1109066011253,56029.210536412,14.760868,0.0569621740944401,184.27774,8.95214
1109066011253,56029.2155713891,14.756853,0.0569466520873696,184.27773,8.95213
1109066011253,56035.2183812615,14.720477,0.0567918675830526,184.27778,8.95214
1109066011253,56035.2239266089,14.747736,0.0569233150227911,184.27774,8.95212
1109066011253,56035.229547523,14.732414,0.0568449364889638,184.27775,8.95214
1109066011253,56035.2351333331,14.728076,0.0568135360586292,184.27775,8.95214
1109066011253,56263.5260009258,14.7672,0.0569287570455812,184.27778,8.95221
1109066011253,56263.5293893982,14.76085,0.0568895007555847,184.27776,8.95213
1109066011253,56263.5328511689,14.783332,0.056993759483102,184.27775,8.95213
1109066011253,56263.5362335071,14.703663,0.0565856367747637,184.27777,8.95216
1109066011253,56301.4496607408,14.641164,0.0562523180282089,184.27777,8.95214
1109066011253,56301.4547922453,14.617593,0.0561458235600845,184.27776,8.95212
1109066011253,56301.4599007405,14.636228,0.0562228103945382,184.27778,8.95212
1109066011253,56301.4650290045,14.605251,0.0560508712394047,184.27774,8.95216
1109066011253,56311.4685065509,14.667486,0.0564750521427679,184.27779,8.95211
1109066011253,56311.473642014,14.71804,0.0567522650745669,184.27781,8.95216
1109066011253,56311.4787673843,14.662002,0.0565311866229723,184.27777,8.95213
1109066011253,56311.4839134836,14.731283,0.0568669659459999,184.27768,8.95212
1109066011253,56339.3770501507,14.739033,0.0566714881153347,184.27775,8.9521
1109066011253,56339.3820821182,14.728731,0.0566431185576731,184.27778,8.95212
1109066011253,56339.387208553,14.720789,0.056604533998221,184.27779,8.95214
1109066011253,56339.3922881945,14.764267,0.0567986511938463,184.27774,8.95213
1109066011253,56346.438783125,14.735416,0.0566789636118153,184.27777,8.95212
1109066011253,56346.445070243,14.752131,0.0567756781519542,184.27777,8.95211
1109066011253,56346.4512890973,14.728252,0.0566604680116797,184.27777,8.95209
1109066011253,56346.457593808,14.736056,0.0567242551749962,184.27777,8.95213
1109066011253,56356.3805436459,14.71037,0.0567981724484942,184.27776,8.95213
1109066011253,56356.385639919,14.717206,0.0568312216456985,184.27774,8.95212
1109066011253,56356.3907651738,14.735569,0.0575438358785784,184.27777,8.95211
1109066011253,56356.3958855672,14.753437,0.0574529883594428,184.27773,8.95213
1109066011253,56365.3000203933,14.831733,0.0557730659758405,184.27777,8.95207
1109066011253,56365.3074740855,14.748275,0.0554336050091304,184.27771,8.95211
1109066011253,56365.3150041088,14.743603,0.0553962649629173,184.27773,8.95214
1109066011253,56365.3225296064,14.766704,0.0554960115330684,184.27772,8.95211
1109066011253,56371.2336264006,14.708658,0.0598007482379693,184.27772,8.95214
1109066011253,56371.2369611804,14.715762,0.0603660130514024,184.27771,8.95213
1109066011253,56371.240396956,14.742505,0.0591767146659423,184.2777,8.95215
1109066011253,56371.2437623958,14.754748,0.058360011248598,184.27776,8.95211
1109066011253,55949.370659132,14.698562,0.056556565127221,184.27772,8.95213
1109066011253,55949.3807902201,14.670215,0.056388952659215,184.27774,8.95213
1109066011253,55949.3910722453,14.677978,0.0564018129037134,184.27772,8.95214
1109066011253,55949.4012814816,14.669005,0.0563400865592577,184.27775,8.95214
1109066011253,56383.2404865855,14.722195,0.0567954244124691,184.27775,8.95211
1109066011253,56383.2488983451,14.715348,0.0567475833582425,184.27776,8.95212
1109066011253,56383.2573724422,14.682815,0.0565672257375361,184.27779,8.95213
1109066011253,56383.2659070254,14.689336,0.0565981631843168,184.27777,8.95212
1109066011253,56397.204503993,14.744354,0.0569610620907218,184.27776,8.95216
1109066011253,56397.2118049539,14.781346,0.057139444179935,184.27775,8.95211
1109066011253,56397.2191168056,14.741144,0.0569442292799442,184.27779,8.9521
1109066011253,56397.2263951851,14.713552,0.0568477275176522,184.27777,8.95209
1109066011253,56423.212164178,14.797884,0.058914596593043,184.27771,8.95209
1109066011253,56423.2193887499,14.757989,0.0573300264485021,184.27776,8.95211
1109066011253,56423.2483825926,14.733298,0.057419901157373,184.27776,8.95212
1109066011253,56423.2556659607,14.719255,0.057625456286071,184.27778,8.95213
1109066011253,56444.1790248845,14.697323,0.0569129653261986,184.27776,8.9521
1109066011253,56444.1852151272,14.722304,0.0570446941419379,184.2778,8.95212
1109066011253,56444.1914426503,14.735931,0.0571276707910636,184.27777,8.95211
1109066011253,56444.1976504861,14.735825,0.0571425702386555,184.27783,8.95217
