1109065038295,53466.2632007175,17.852025,0.103858322359163,183.06735,10.31362
1109065038295,53466.2707218058,17.938869,0.106931473432331,183.06746,10.31356
1109065038295,53466.2782609491,18.015883,0.109937802696844,183.06725,10.31373
1109065038295,53466.2858106364,18.106863,0.113679275007433,183.06728,10.31352
1109065038295,53705.481591065,18.257903,0.128772559013388,183.06738,10.31353
1109065038295,53705.4882669794,18.309842,0.129733737255146,183.0674,10.31359
1109065038295,53705.4950349075,17.995213,0.114139770899801,183.06736,10.31348
1109065038295,53705.5019248379,18.010597,0.114541443496048,183.06734,10.31375
1109065038295,53731.4833143866,18.121402,0.116716232375613,183.06736,10.31369
1109065038295,53731.4914057525,18.152991,0.119279434415771,183.06731,10.3136
1109065038295,53731.4994650693,18.104351,0.118122745906275,183.06726,10.31365
1109065038295,53731.5075290161,18.178917,0.119466274808714,183.06729,10.31362
1109065038295,53553.1613281597,18.090437,0.121611973697964,183.06736,10.31372
1109065038295,53553.1677581021,17.931061,0.115067120508934,183.06736,10.31366
1109065038295,53553.1742326156,17.800731,0.110043342906986,183.06723,10.31359
1109065038295,53553.1806503008,17.972878,0.117604314810345,183.06733,10.31363
1109065038295,53528.1918311226,18.026748,0.114145578563884,183.06724,10.31363
1109065038295,53528.1993165743,17.952325,0.111192854349024,183.06731,10.31362
1109065038295,53528.2068118518,17.880577,0.108703440118261,183.0672,10.31356
1109065038295,53528.2142846761,18.040255,0.115474779344644,183.06724,10.31356
1109065038295,53499.1880700579,18.422722,0.130706787298821,183.06724,10.31363
1109065038295,53499.193443472,18.535997,0.136812814412382,183.06718,10.31357
1109065038295,53499.1987805441,18.547303,0.137511821278748,183.06739,10.31362
1109065038295,53499.2041159952,18.443762,0.131899661454986,183.06735,10.31368
1109065038295,53520.2298853239,18.098075,0.130831276637453,183.06731,10.31357
1109065038295,53520.2363614468,18.323842,0.13162938986971,183.06729,10.31346
1109065038295,53520.2427654746,18.121743,0.123261892838731,183.06733,10.31369
1109065038295,53520.2492097803,18.430344,0.137699969445321,183.06721,10.31366
1109065038295,53828.2364761112,17.878705,0.146384062876849,183.06735,10.31395
1109065038295,53828.2390353819,18.101859,0.152825657147015,183.06766,10.31326
1109065038295,53828.2416137499,17.517491,0.113860605451941,183.0675,10.31354
1109065038295,53828.2442079745,18.276657,0.189165818462196,183.06743,10.31337
1109065038295,53843.2674753242,17.943471,0.114588636035598,183.06737,10.31359
1109065038295,53843.2755772336,17.831559,0.110131082764733,183.06727,10.31348
1109065038295,53843.2836765973,17.752473,0.106991208920084,183.06725,10.31363
1109065038295,53843.2917337036,17.986106,0.116472715032206,183.06725,10.31354
1109065038295,54084.478851412,17.969462,0.108117112279284,183.06726,10.31344
1109065038295,54084.4842542247,17.93761,0.106776285126559,183.06739,10.31356
1109065038295,54084.4896116667,18.208121,0.117591149199749,183.06726,10.31365
1109065038295,54084.4949728125,18.33441,0.123123785864923,183.0673,10.31356
1109065038295,54095.4404616896,17.927577,0.107017478119737,183.06737,10.3136
1109065038295,54095.4523802199,17.973988,0.108190596479218,183.06728,10.31349
1109065038295,54095.4643049999,18.022156,0.109693795764042,183.06726,10.3136
1109065038295,54095.476184641,17.956665,0.107215445334224,183.06734,10.31345
1109065038295,53772.4459552779,18.144351,0.1175648310328,183.0673,10.31349
1109065038295,53772.4535152661,18.089435,0.115300475339451,183.06732,10.31348
1109065038295,53772.4611303355,17.950883,0.109627072024514,183.06727,10.31361
1109065038295,53772.4687213427,17.830939,0.105138864194267,183.06716,10.31364
1109065038295,53774.4289860763,18.058683,0.115197632016603,183.06727,10.31352
1109065038295,53774.4364652662,18.392102,0.130946074229886,183.06731,10.31371
1109065038295,53774.4439522224,18.169612,0.1208407386031,183.06744,10.31365
1109065038295,53774.4515064121,18.588939,0.144968425790295,183.06712,10.31353
1109065038295,53743.4330576854,17.840085,0.10693729313177,183.06729,10.31362
1109065038295,53743.4394188887,17.829923,0.106423296668728,183.06755,10.31359
1109065038295,53743.4457820486,17.879299,0.10820900132006,183.06721,10.31358
1109065038295,53743.4521456715,17.982317,0.1121925383185,183.06734,10.31362
1109065038295,53758.4027865972,17.990027,0.112385605702587,183.0673,10.31357
1109065038295,53758.4086543634,18.1206,0.117753993679238,183.0673,10.31354
1109065038295,53758.4146442479,18.072181,0.115580712245864,183.06733,10.31354
1109065038295,53758.420612141,18.395135,0.130639688632151,183.06731,10.31354
1109065038295,53765.4439632753,18.044068,0.115027088889328,183.0673,10.31355
1109065038295,53765.4504890624,17.877693,0.108510055924493,183.06738,10.31354
1109065038295,53765.4570066319,18.095461,0.117255236491671,183.06734,10.31368
1109065038295,53765.4636187614,18.137561,0.119029100535927,183.06725,10.31352
1109065038295,53905.2145601273,18.018932,0.305825054905308,183.06735,10.3135
1109065038295,53905.215531933,18.027994,0.306864719059391,183.06726,10.31358
1109065038295,53905.2164948265,17.538457,0.237004319679768,183.06773,10.31338
1109065038295,53905.2174574886,17.972563,0.297457440032825,183.0672,10.31369
1109065038295,53797.3431980209,17.924305,0.112061643530197,183.06736,10.31356
1109065038295,53797.3510474768,17.963379,0.115023089951379,183.06734,10.31358
1109065038295,53797.3585183332,17.867792,0.109148987423432,183.06742,10.31353
1109065038295,53797.3662238079,17.96334,0.112897681929814,183.0674,10.31352
1109065038295,53816.4410417128,18.247887,0.151266812483657,183.06738,10.31357
1109065038295,53816.4461023842,18.141073,0.145067884026671,183.06736,10.31347
1109065038295,53816.4512233563,17.749626,0.123782718077775,183.06733,10.31358
1109065038295,53816.4563385417,17.942628,0.134167962560483,183.06736,10.31354
1109065038295,53857.2519962038,17.840418,0.112268153218808,183.06734,10.31342
1109065038295,53857.2568588308,17.844868,0.113191107633774,183.06717,10.3135
1109065038295,53857.2617300116,17.817332,0.115857660276041,183.06719,10.31352
1109065038295,53857.2666080324,17.87409,0.117224899529693,183.06723,10.31353
1109065038295,53876.2137110531,18.573411,0.148453817370777,183.06747,10.31358
1109065038295,53876.2212916319,18.624812,0.151586868103159,183.06724,10.31363
1109065038295,53876.2288460648,18.290002,0.132067055109632,183.06727,10.31351
1109065038295,53876.2364163427,18.18218,0.126829467651604,183.06734,10.31363
1109065038295,54201.2826654743,18.003932,0.112331331024543,183.06729,10.31351
1109065038295,54201.292124514,18.056667,0.115027088889328,183.06729,10.31356
1109065038295,54201.3015737035,18.016308,0.113412400593952,183.0673,10.3136
1109065038295,54201.3110408448,18.30976,0.126832450800371,183.06713,10.31375
1109065038295,54212.2201919444,18.465067,0.13200767395108,183.06723,10.31359
1109065038295,54212.2294609258,18.221068,0.119777217553916,183.06729,10.31345
1109065038295,54212.2387818056,18.054811,0.112532711467679,183.0673,10.31354
1109065038295,54212.2480652086,18.004611,0.110738664529446,183.06718,10.3136
1109065038295,54450.4456874998,17.964278,0.108550479793881,183.06731,10.31365
1109065038295,54450.4523535762,18.057732,0.111984846219145,183.06724,10.31369
1109065038295,54450.459069653,17.935667,0.107051090847124,183.06728,10.31362
1109065038295,54450.4657374653,17.855569,0.104027179428324,183.06728,10.31366
1109065038295,54146.4347705091,18.263895,0.127126230296,183.06746,10.31353
1109065038295,54146.4407167593,18.745507,0.155231302749341,183.06734,10.3137
1109065038295,54146.4466723725,18.329898,0.129838282901001,183.06743,10.31331
1109065038295,54146.4526344794,18.55544,0.142337274781316,183.06719,10.31355
1109065038295,54159.4223828008,17.880827,0.105817315565406,183.06715,10.31362
1109065038295,54159.4303664118,18.081595,0.112127905869037,183.06728,10.31354
1109065038295,54159.4382934258,18.00709,0.110249103545289,183.06729,10.31351
1109065038295,54159.4461562038,18.189907,0.117864558795213,183.06723,10.31361
1109065038295,54127.363910104,17.754431,0.105994255867285,183.06721,10.31364
1109065038295,54127.3743123495,17.922782,0.112387414144657,183.06742,10.31353
1109065038295,54127.3834372339,18.000782,0.11556234515675,183.06733,10.31362
1109065038295,54127.3925290046,17.947252,0.113118376318464,183.06729,10.31356
1109065038295,54265.1985299769,18.085261,0.121124509136012,183.06724,10.3136
1109065038295,54265.2066852432,17.989241,0.117041399531229,183.06739,10.31345
1109065038295,54265.2148514004,18.057027,0.120486784690838,183.06737,10.3136
1109065038295,54265.2230106019,17.823068,0.111032535174311,183.06722,10.31332
1109065038295,54168.3862908795,17.938107,0.106734396344798,183.06717,10.31358
1109065038295,54168.3901841319,17.865422,0.104285448545275,183.0672,10.31359
1109065038295,54168.3941200925,18.155199,0.11580616230515,183.06728,10.31362
1109065038295,54168.3980590627,17.949936,0.107477509917409,183.06725,10.31365
1109065038295,54174.3796512964,17.929937,0.106384873744821,183.06736,10.31352
1109065038295,54174.3891482987,17.996631,0.108926788236184,183.06731,10.31352
1109065038295,54174.3986539813,17.996029,0.108847914103141,183.06733,10.31346
1109065038295,54174.4081396298,18.264525,0.12041649832079,183.06737,10.31338
1109065038295,54179.3211243404,18.673428,0.143234249056582,183.06732,10.31356
1109065038295,54179.3288409258,18.590186,0.138291137781084,183.06716,10.31356
1109065038295,54179.3357096645,18.508691,0.133905197603576,183.06734,10.3136
1109065038295,54179.3425936923,18.215454,0.119135460490312,183.06717,10.31346
1109065038295,54233.2570544211,18.371182,0.132752061516906,183.06713,10.31382
1109065038295,54233.2640553471,18.344952,0.13086837444136,183.06745,10.31344
1109065038295,54233.2710857987,18.142953,0.121139388826299,183.06735,10.31357
1109065038295,54233.278105706,18.12267,0.120370544371499,183.06718,10.31345
1109065038295,54242.1899066204,17.906055,0.110998189286703,183.0674,10.31351
1109065038295,54242.197219016,18.084501,0.116807838032186,183.06736,10.31366
1109065038295,54242.2044560649,18.242095,0.126264598464222,183.06714,10.31365
1109065038295,54242.2116947337,18.296893,0.128444712786771,183.06735,10.31377
1109065038295,54562.3560701041,17.948485,0.111058324976531,183.06733,10.31357
1109065038295,54562.3612325117,17.968285,0.111974146766635,183.06724,10.31358
1109065038295,54562.3663921412,17.918677,0.110154308734307,183.06721,10.3136
1109065038295,54562.371552581,18.022399,0.114649708897077,183.06722,10.31358
1109065038295,54568.2739789118,18.408804,0.12758115589076,183.06727,10.31361
1109065038295,54568.2847300349,18.482963,0.131746936833363,183.0674,10.31366
1109065038295,54568.295492257,18.491793,0.13216157327577,183.06713,10.31344
1109065038295,54568.3061956829,18.365728,0.125906073923314,183.0674,10.31363
1109065038295,54822.5334012614,18.085337,0.121788923553811,183.06735,10.31365
1109065038295,54822.53952147,17.994236,0.117494762017978,183.0673,10.3136
1109065038295,54822.545582766,17.835462,0.110747159546937,183.06734,10.31362
1109065038295,54822.551671956,17.913433,0.113849114542203,183.06744,10.31352
1109065038295,54502.406037766,18.345598,0.123349864984625,183.06719,10.31356
1109065038295,54502.4144542706,18.498484,0.130716865283476,183.06731,10.31363
1109065038295,54502.4228765625,18.37163,0.124340074692619,183.06727,10.31353
1109065038295,54502.431288206,18.153938,0.114683264695657,183.06738,10.31353
1109065038295,54523.4252080438,18.258796,0.119038336852247,183.06732,10.31368
1109065038295,54523.4351144442,18.366387,0.124202534359107,183.06736,10.31356
1109065038295,54523.445007639,18.207356,0.116908308430247,183.06748,10.31361
1109065038295,54523.4549496877,18.460536,0.129126123400109,183.06717,10.3137
1109065038295,54476.4327514581,18.127653,0.114006560121015,183.06738,10.31365
1109065038295,54476.4419509838,18.185976,0.11638640766458,183.06729,10.31367
1109065038295,54476.4504309143,18.449342,0.128579863961926,183.06739,10.31362
1109065038295,54476.4588496294,18.624206,0.137856134601534,183.06723,10.31373
1109065038295,54483.4410093636,17.949627,0.106464638345258,183.06733,10.31371
1109065038295,54496.3910883335,17.91152,0.105256439634616,183.06733,10.31357
1109065038295,54496.3954611225,18.033474,0.109662853299448,183.06728,10.31359
1109065038295,54496.3998014932,18.03729,0.109768873805787,183.06733,10.31364
1109065038295,54496.4041675692,18.061438,0.110621724496956,183.06749,10.3135
1109065038295,54625.2090734956,18.454215,0.13379108681999,183.06734,10.31369
1109065038295,54625.2162493169,18.284773,0.12503424366236,183.06722,10.31368
1109065038295,54625.2234775694,18.017307,0.113386050445208,183.0674,10.31369
1109065038295,54625.2306750347,17.937615,0.110560923308749,183.06746,10.31378
1109065038295,54532.2756620371,18.178053,0.0910747309590049,183.06744,10.31361
1109065038295,54532.2881223727,18.463256,0.0996390980798312,183.06747,10.31365
1109065038295,54532.3005863079,18.531629,0.101812832069723,183.06751,10.31361
1109065038295,54532.3130954863,18.392427,0.0979790003911355,183.06736,10.3136
1109065038295,54535.2747851387,18.276397,0.121609450950012,183.0673,10.31365
1109065038295,54535.2769309608,18.289787,0.12238296441584,183.06726,10.31365
1109065038295,54535.2790796761,18.45135,0.130038482860964,183.06724,10.31361
1109065038295,54535.281226771,18.328758,0.124019182531919,183.06747,10.31352
1109065038295,54554.2631528471,18.008175,0.110340908567806,183.06737,10.31356
1109065038295,54554.2701612962,18.045878,0.111876289966831,183.06723,10.31376
1109065038295,54554.2771893172,18.075296,0.112893984907648,183.06742,10.31362
1109065038295,54554.2842023959,18.237355,0.119800910037757,183.06727,10.31355
1109065038295,54587.1528381715,17.941701,0.107899500701986,183.06735,10.31352
1109065038295,54587.1582471179,18.163235,0.116841997331141,183.06724,10.31355
1109065038295,54587.1636258564,18.339802,0.1249863567554,183.06733,10.31359
1109065038295,54587.1689963774,18.336392,0.124445013358099,183.0674,10.31363
1109065038295,54948.2977713076,18.395955,0.129772904807822,183.06723,10.31369
1109065038295,54948.3042525463,18.294744,0.124834725652208,183.0672,10.31352
1109065038295,54948.310892697,18.324248,0.126494071849414,183.06731,10.31352
1109065038295,54948.3175513772,18.209011,0.121261192085532,183.06722,10.31359
1109065038295,54863.4710608102,17.960312,0.106323808771144,183.06732,10.31363
1109065038295,54863.4765454629,17.965299,0.106637906204181,183.0673,10.31361
1109065038295,54863.4819642478,17.896368,0.104208954211635,183.06731,10.31341
1109065038295,54863.4874230786,18.241986,0.117705482729201,183.06719,10.31358
1109065038295,54877.4721414003,18.106117,0.125749950321834,183.06717,10.31353
1109065038295,54877.4775542825,18.170751,0.130302877412819,183.06719,10.31369
1109065038295,54877.5009557985,18.673629,0.164828682640949,183.06729,10.31359
1109065038295,54877.5080863659,18.486583,0.154381185170145,183.06725,10.31375
1109065038295,54856.4195623035,17.925133,0.104519113346785,183.06723,10.31363
1109065038295,54856.4287364814,18.2003,0.115270187561506,183.0673,10.31355
1109065038295,54856.4379974767,18.032759,0.10854892232861,183.06722,10.31357
1109065038295,54856.4471625229,18.290021,0.118927735651075,183.06722,10.31365
1109065038295,54905.3194311806,17.92285,0.10667242710012,183.06728,10.31369
1109065038295,54905.324886655,17.995263,0.109575117691434,183.06732,10.31365
1109065038295,54905.3303085766,17.841208,0.103804859349375,183.06706,10.31338
1109065038295,54905.3356759721,18.071515,0.112709974326077,183.06721,10.31359
1109065038295,54911.3260494213,18.331506,0.109970736824025,183.06727,10.3135
1109065038295,54911.3343735648,18.574632,0.120117866250407,183.06725,10.31366
1109065038295,54911.3428271067,18.490637,0.116239675815719,183.06725,10.31376
1109065038295,54911.3512182639,18.635631,0.122988936141184,183.06726,10.31367
1109065038295,54918.2271746527,18.106421,0.114665493813024,183.06721,10.31369
1109065038295,54918.2319699307,17.94085,0.107829915512102,183.06728,10.31359
1109065038295,54918.2368599884,17.925698,0.107140467020454,183.06739,10.31361
1109065038295,54918.2417139467,18.108117,0.114410142546876,183.06724,10.3137
1109065038295,54968.1748893289,18.015685,0.115021093152876,183.06724,10.31373
1109065038295,54968.1821936457,17.896535,0.110234110254843,183.06725,10.31373
1109065038295,54968.1895457637,17.916161,0.11075735898725,183.06728,10.31362
1109065038295,54968.1968183448,17.747851,0.104671828597169,183.06727,10.31342
1109065038295,55290.209443287,17.853663,0.105761862295816,183.06736,10.31359
1109065038295,55290.2163771992,17.927945,0.108499185144091,183.06731,10.31359
1109065038295,55290.2233187617,17.971665,0.110144353862016,183.0673,10.31349
1109065038295,55290.2302393867,18.051671,0.113250939849529,183.06738,10.31353
1109065038295,55299.2123168286,18.429245,0.222782695390869,183.06702,10.31347
1109065038295,55299.2164005901,18.301294,0.209000732517937,183.06716,10.31351
1109065038295,55299.2204239004,18.421777,0.221675431628892,183.06702,10.31361
1109065038295,55299.2245222571,18.492755,0.229115913186174,183.06737,10.31366
1109065038295,55536.4818336689,18.81065,0.187980008703891,183.06716,10.31367
1109065038295,55536.4934637733,18.217226,0.156890162003807,183.06747,10.31385
1109065038295,55349.1509568055,17.788346,0.0871234619604431,183.06726,10.31345
1109065038295,55349.1589450694,17.866298,0.0888455567780764,183.06719,10.31358
1109065038295,55349.1670194559,17.852914,0.0886291335696019,183.06729,10.3136
1109065038295,55349.1750119791,17.877539,0.110387771094959,183.06708,10.3135
1109065038295,55260.4042166551,18.103426,0.114449270133454,183.06717,10.31371
1109065038295,55260.4093031366,17.963281,0.108869971858908,183.06739,10.31348
1109065038295,55260.4144357988,18.048682,0.112365690082636,183.06712,10.31349
1109065038295,55260.4195539006,17.807251,0.103509291921037,183.06742,10.31365
1109065038295,55267.4467309606,18.448362,0.132873535010411,183.06739,10.31344
1109065038295,55267.4525835877,18.000639,0.112009822979841,183.06724,10.31341
1109065038295,55267.4584035534,18.048214,0.114293100316663,183.06733,10.31349
1109065038295,55267.4642834142,17.990555,0.112006254021056,183.06725,10.31355
1109065038295,55275.3868244444,17.911844,0.107021860326574,183.06729,10.31348
1109065038295,55275.3931479049,18.080335,0.113736403957109,183.06726,10.31353
1109065038295,55275.3995151506,17.928715,0.107762034019354,183.06739,10.31357
1109065038295,55275.4059393057,18.007881,0.110922792539879,183.06724,10.31356
1109065038295,55324.2238269327,18.581124,0.138815808419386,183.06724,10.31347
1109065038295,55324.2312214929,18.634365,0.142041336291234,183.06723,10.3136
1109065038295,55324.2387735997,18.32005,0.125118931742973,183.06721,10.31353
1109065038295,55324.2462653355,18.20912,0.11972989038263,183.06742,10.31359
1109065038295,55336.228362361,18.034068,0.112849706347923,183.06718,10.31347
1109065038295,55336.2363801966,17.839164,0.105365085595803,183.06723,10.31361
1109065038295,55336.2444676966,17.829123,0.105037983887948,183.06716,10.31342
1109065038295,55336.2525292127,17.802228,0.104134004918432,183.0674,10.31355
1109065038295,55655.3113728937,18.499885,0.121586780486298,183.06714,10.3134
1109065038295,55655.318297095,18.667199,0.130091193617511,183.06731,10.31359
1109065038295,55655.3252047453,18.291711,0.112489039049022,183.06699,10.31333
1109065038295,55655.3321403934,18.359861,0.115294414100938,183.06733,10.3135
1109065038295,55663.1672732872,17.923533,0.112052702011373,183.06723,10.31368
1109065038295,55663.1724147452,18.061534,0.118040139457353,183.06728,10.31367
1109065038295,55663.1776261344,18.02586,0.116066696041532,183.06725,10.31363
1109065038295,55663.1827586806,18.29369,0.128702930507903,183.06717,10.31368
1109065038295,55674.1553847222,17.861204,0.151610241388737,183.0673,10.31376
1109065038295,55674.1632689238,17.510984,0.149836462037585,183.06735,10.3134
1109065038295,55674.1711909953,17.951041,0.143186766482501,183.06746,10.31397
1109065038295,55674.1791723147,18.005862,0.125885793156786,183.0672,10.31375
1109065038295,55601.4191635186,17.990339,0.112441805861579,183.06738,10.31363
1109065038295,55601.4243471064,17.88949,0.108488319191888,183.06721,10.31354
1109065038295,55601.4295395603,17.838926,0.106389140645237,183.06737,10.31364
1109065038295,55601.434774884,18.0007,0.112737493737282,183.06746,10.3137
1109065038295,55617.4746840857,17.818789,0.105355559368137,183.06723,10.31348
1109065038295,55617.4827818056,18.031897,0.113521854129302,183.0673,10.31358
1109065038295,55617.4908788311,18.054039,0.114557165164594,183.06727,10.31367
1109065038295,55617.4989827084,18.085236,0.11622922468904,183.06733,10.31364
1109065038295,55563.4388626968,17.958909,0.110572733185493,183.06723,10.31367
1109065038295,55563.4464093633,17.934943,0.109437636095167,183.06735,10.31376
1109065038295,55563.4539927663,17.964355,0.110471677034426,183.06727,10.31369
1109065038295,55563.4616645603,18.12102,0.116852681679337,183.0673,10.31383
1109065038295,55591.39659853,17.872051,0.106998503812567,183.0672,10.31358
1109065038295,55591.4017575928,17.943795,0.109586472827112,183.06732,10.3137
1109065038295,55591.40698853,17.840958,0.105680306470693,183.06717,10.31364
1109065038295,55591.4122220138,17.871265,0.106769058016132,183.06721,10.3136
1109065038295,55624.3899785647,18.008022,0.102396920171613,183.06736,10.31376
1109065038295,55624.4010616665,18.036592,0.103474183751819,183.06732,10.31378
1109065038295,55624.4121586572,17.965481,0.100975244899287,183.06732,10.31369
1109065038295,55624.4232540278,17.995787,0.102032385001584,183.06738,10.31363
1109065038295,55644.2765406016,17.965413,0.113260300316012,183.06725,10.31362
1109065038295,55644.2831188426,17.99887,0.114774258854337,183.06729,10.31362
1109065038295,55644.2897503008,17.756575,0.105347395241607,183.06723,10.31355
1109065038295,55644.2964257756,18.069116,0.117833559156805,183.06725,10.3138
1109065038295,55705.1416227315,18.0974,0.120115467897729,183.06739,10.31361
1109065038295,55705.1507726275,17.933853,0.113049558980116,183.06717,10.31362
1109065038295,55705.1599817942,18.096902,0.120312599336183,183.06737,10.31352
1109065038295,55705.1690899073,18.207567,0.125045522870272,183.06731,10.31374
1109065038295,53828.279975845,18.453014,0.171336555512377,183.06729,10.3138
1109065038295,53828.3079091781,17.966714,0.116797170847816,183.06728,10.31363
1109065038295,54483.4454249768,17.97131,0.107465602661847,183.06738,10.31359
1109065038295,54483.4519400001,17.972626,0.107429916245717,183.06742,10.3136
1109065038295,54483.4585111691,17.903657,0.104873490067014,183.0673,10.3136
1109065038295,54483.4651509607,17.975036,0.10752817705721,183.06736,10.31371
1109065038295,55299.2317686575,18.692158,0.144206028356192,183.06713,10.31362
1109065038295,55299.2386783795,18.556319,0.136462373837734,183.06734,10.31357
1109065038295,55299.2456799191,18.510205,0.133611474466512,183.06722,10.31346
1109065038295,55299.2526331944,18.360783,0.126097950674348,183.06724,10.31355
1109065038295,53828.3330735071,18.065802,0.12304174620827,183.0673,10.31356
1109065038295,53828.3480722802,18.060495,0.124447779065424,183.06734,10.31351
1109065038295,53828.3571887151,18.185029,0.136264768411439,183.06739,10.31377
1109065038295,53828.3617797918,18.30807,0.133273108530078,183.06738,10.31365
1109065038295,55892.4910403937,17.701391,0.100313922387698,183.06753,10.31349
1109065038295,55892.4962053588,17.82333,0.104443140148844,183.06734,10.31334
1109065038295,55892.5014638775,17.864084,0.105779867451019,183.06718,10.31362
1109065038295,55892.5066946875,17.922018,0.107728913830167,183.06735,10.31358
1109065038295,55920.4563346645,17.852287,0.105588039961409,183.06738,10.31356
1109065038295,55920.4655710301,17.92395,0.107989050017465,183.06731,10.31353
1109065038295,55920.4748430438,17.918133,0.107638824329321,183.06733,10.31356
1109065038295,55920.4839915047,17.946753,0.108725372403133,183.06742,10.31359
1109065038295,55927.4851669446,18.114303,0.115623606747557,183.06731,10.3135
1109065038295,55927.4943801505,17.856159,0.105207716868051,183.06742,10.31359
1109065038295,55927.5036912849,17.925335,0.107517737290216,183.06744,10.31359
1109065038295,55927.5129243173,17.972199,0.10947960630797,183.06734,10.31364
1109065038295,55959.445439097,17.920213,0.107599892008936,183.06736,10.31353
1109065038295,55959.4510966898,17.996771,0.110429689223799,183.06728,10.31355
1109065038295,55959.4567798381,17.946625,0.108437154582281,183.06737,10.31351
1109065038295,55959.4624993401,18.046397,0.112521788744402,183.06737,10.3135
1109065038295,55975.4432713771,18.04799,0.113816590080347,183.06734,10.31345
1109065038295,55975.4507025345,17.851924,0.106217678546216,183.06731,10.31355
1109065038295,55975.4580613542,18.022203,0.112840490662409,183.06738,10.31347
1109065038295,55975.465495104,17.765643,0.10315696587281,183.06745,10.31342
1109065038295,55982.3446350116,18.72362,0.147574990326718,183.06723,10.31361
1109065038295,55982.3496881598,18.530236,0.136080003558508,183.06748,10.31358
1109065038295,55982.3547803355,18.435246,0.130915650957606,183.06748,10.31363
1109065038295,55982.3598912386,18.424395,0.1302465197174,183.06732,10.31357
1109065038295,55989.251509699,17.789621,0.104634872469152,183.06751,10.31362
1109065038295,55989.2565900465,18.045106,0.114447315279853,183.06734,10.31359
1109065038295,55989.2617458683,18.179616,0.1204286040545,183.06748,10.31377
1109065038295,55989.2668436919,18.45335,0.133816819593341,183.06717,10.31367
1109065038295,55999.3342560534,18.702039,0.146896855761605,183.06731,10.31357
1109065038295,55999.3393648728,18.417827,0.130309512547602,183.06734,10.31351
1109065038295,55999.3443871294,18.023333,0.112217720325427,183.06736,10.31331
1109065038295,55999.3494359837,18.247376,0.121842212654114,183.06745,10.31351
1109065038295,56007.3710757409,17.985139,0.0995281930468958,183.06733,10.31354
1109065038295,56007.3813689699,17.843408,0.0953023546249414,183.06732,10.31354
1109065038295,56007.3916835765,17.820642,0.0946463900749828,183.0673,10.31354
1109065038295,56007.4020240971,17.96487,0.0992257146390195,183.0673,10.31357
1109065038295,56016.339576609,18.007382,0.112752183481775,183.06734,10.31358
1109065038295,56016.3464930556,17.854474,0.106988288729032,183.0672,10.31356
1109065038295,56016.3534591436,17.930451,0.109873703000209,183.06729,10.31358
1109065038295,56016.3603819674,17.963777,0.111227463207054,183.0674,10.31346
1109065038295,56029.1997311111,18.334249,0.127718893848932,183.06748,10.31362
1109065038295,56029.2048503473,18.180892,0.131495059921553,183.06769,10.31352
1109065038295,56029.2099692593,18.343494,0.128188516621946,183.06735,10.31349
1109065038295,56029.2150093173,18.317287,0.126961023522034,183.06739,10.31357
1109065038295,56035.2178175696,18.172132,0.119950618644364,183.06745,10.31362
1109065038295,56035.2233610763,17.941195,0.110091315524898,183.06718,10.31363
1109065038295,56035.2289725812,17.848766,0.10661779484806,183.06749,10.31358
1109065038295,56035.2345575001,18.103859,0.116891180292637,183.06725,10.31359
1109065038295,56251.5028671646,18.504891,0.136513926819747,183.06748,10.31337
1109065038295,56251.5079662614,18.620301,0.14310618182721,183.0674,10.31365
1109065038295,56251.5130677777,18.486994,0.134797676115684,183.06765,10.31365
1109065038295,56251.5182357524,18.526754,0.136892937801032,183.06729,10.31385
1109065038295,56263.4941298263,18.1941,0.12249176968859,183.06733,10.31345
1109065038295,56263.4992342475,17.88225,0.110197504326698,183.06725,10.31353
1109065038295,56263.5043528127,18.077278,0.12256192615106,183.06742,10.31384
1109065038295,56263.5126146991,18.122432,0.118124978592622,183.06738,10.31367
1109065038295,56300.4142151275,18.62515,0.144839505047248,183.06724,10.31359
1109065038295,56300.4187653703,18.398568,0.131529453711199,183.06738,10.31346
1109065038295,56300.423308773,18.537672,0.139339462112294,183.06732,10.31367
1109065038295,56300.4278228474,18.277609,0.125144383638339,183.06742,10.31358
1109065038295,56311.4679402085,18.012777,0.112881062991415,183.06734,10.31366
1109065038295,56311.4730694098,17.862629,0.107134593971065,183.06726,10.31359
1109065038295,56311.4781960533,17.796157,0.105317490249514,183.06727,10.31352
1109065038295,56311.4833345255,17.878654,0.108239708260491,183.0674,10.31349
1109065038295,56330.5113041205,18.114637,0.117350805118639,183.06731,10.31368
1109065038295,56330.5169986109,18.244303,0.123502411979055,183.06732,10.3136
1109065038295,56330.5226712502,18.247408,0.123788132421407,183.0674,10.31362
1109065038295,56330.5283570718,18.307836,0.126940059586112,183.06741,10.31374
1109065038295,56339.3764860071,18.38144,0.128510647411941,183.0673,10.31365
1109065038295,56339.3815099769,18.475191,0.133222460165896,183.06732,10.31366
1109065038295,56339.386637222,18.431381,0.131047695031457,183.06728,10.31351
1109065038295,56339.3917196528,18.539142,0.136748844476318,183.0673,10.31334
1109065038295,56354.4474908216,18.502702,0.13566290296704,183.06717,10.31376
1109065038295,56354.4525419097,18.51179,0.136969220935805,183.06724,10.31354
1109065038295,56354.4576848727,18.344547,0.128067374770293,183.06717,10.3137
1109065038295,56354.4649753007,18.121792,0.117201082552409,183.06739,10.31371
1109065038295,56365.2979651968,18.056525,0.102540603594398,183.06734,10.31354
1109065038295,56365.3054341668,18.123488,0.10484286070373,183.06733,10.31363
1109065038295,56365.312971956,18.160039,0.106189457786099,183.06727,10.31363
1109065038295,56365.3204848262,18.436341,0.11727692736563,183.06732,10.31367
1109065038295,56371.2158576041,18.078975,0.142027517932429,183.06728,10.31361
1109065038295,56371.2197182062,17.885298,0.134462672948066,183.06728,10.3137
1109065038295,56371.2236759258,17.741457,0.124384216258338,183.06758,10.31373
1109065038295,56371.2276260071,17.903557,0.127829507141138,183.0672,10.31374
1109065038295,55949.3712262963,18.041795,0.1132453242442,183.06736,10.31351
1109065038295,55949.3813628242,18.001714,0.111467548233155,183.06729,10.3135
1109065038295,55949.3916363888,17.969094,0.109883555055867,183.06721,10.31357
1109065038295,55949.4018546529,17.898967,0.107156617252063,183.06729,10.31356
1109065038295,56388.2763895372,18.304448,0.113157517226363,183.06721,10.31375
1109065038295,56388.2856759027,18.637945,0.128633453453211,183.06735,10.3137
1109065038295,56388.2950410995,18.581153,0.126065887992841,183.0674,10.31377
1109065038295,56388.3042953241,18.409363,0.117840200628743,183.06731,10.31364
1109065038295,56393.2455108566,17.714012,0.101523127312912,183.06741,10.31363
1109065038295,56393.2505765627,17.86289,0.10658048640984,183.06748,10.31365
1109065038295,56393.2556201043,17.926017,0.109110751531114,183.06738,10.31359
1109065038295,56393.2607401619,17.845092,0.106015242977004,183.06724,10.3137
1109065038295,56423.2082484607,18.620358,0.147782266334837,183.06728,10.31353
1109065038295,56423.2154443171,18.600396,0.158978676789464,183.06743,10.31362
1109065038295,56423.2227488775,18.466879,0.141981500276522,183.06742,10.31363
1109065038295,56423.2517400696,18.019435,0.120904657100749,183.06738,10.31357
1109065038295,56444.1795860184,17.876126,0.109640078543793,183.06729,10.31359
1109065038295,56444.1857584375,17.772619,0.105997052377701,183.06741,10.31353
1109065038295,56444.1920099189,17.823964,0.107908593569752,183.06725,10.3136
1109065038295,56444.1982204397,17.857225,0.109171316093452,183.06737,10.31365
