1109066003963,53466.262670706,18.207938,0.118568929023247,185.55766,8.63779
1109066003963,53466.2701926157,18.157076,0.116285706732355,185.55763,8.63766
1109066003963,53466.2777270139,17.816825,0.102965107809165,185.55772,8.63778
1109066003963,53466.2852693982,17.776352,0.101502499312194,185.55767,8.63767
1109066003963,53710.5182268056,18.152155,0.118730633179888,185.55776,8.63744
1109066003963,53710.5241839234,18.333015,0.127005995610696,185.55772,8.63789
1109066003963,53710.5302468403,18.077803,0.115282300612427,185.55764,8.63766
1109066003963,53710.5363268866,18.031704,0.113294021801397,185.55767,8.63775
1109066003963,53731.4827815974,17.630596,0.098865866304263,185.55786,8.63765
1109066003963,53731.4908661461,17.620697,0.09844776903491,185.55764,8.63767
1109066003963,53731.4989327546,17.630692,0.100140214966334,185.55776,8.6378
1109066003963,53731.5070022452,17.687371,0.101247438299284,185.55775,8.63752
1109066003963,53553.1607967592,17.511754,0.099295761743969,185.55774,8.63778
1109066003963,53553.167219074,17.585112,0.101987827925083,185.55773,8.63762
1109066003963,53553.1737027313,17.610813,0.103203953238092,185.55772,8.6377
1109066003963,53553.1801176271,17.594155,0.102886871311238,185.55769,8.63788
1109066003963,53528.1923725926,17.636653,0.0999839222865897,185.55759,8.63771
1109066003963,53528.199861736,17.67932,0.101494483410561,185.55765,8.63781
1109066003963,53528.2073545833,17.757304,0.104440522240483,185.55756,8.63778
1109066003963,53528.2148296065,17.714328,0.103118709670817,185.55774,8.63778
1109066003963,53499.1875439929,17.766043,0.102974907178365,185.55772,8.63778
1109066003963,53499.192912315,17.784246,0.103518076795075,185.55775,8.6377
1109066003963,53499.1982489238,17.633542,0.0984507398769909,185.55778,8.6377
1109066003963,53499.2035847223,17.752417,0.102509391248182,185.55762,8.63769
1109066003963,53520.2358309836,18.103714,0.121159239047241,185.55767,8.63792
1109066003963,53520.2422384839,18.229469,0.128858210286858,185.55764,8.63774
1109066003963,53520.2486779168,18.180501,0.124773162341048,185.55767,8.63779
1109066003963,53704.4905420137,18.327481,0.130895378516702,185.55767,8.63757
1109066003963,53704.4970415277,18.180158,0.124439482627815,185.55778,8.63762
1109066003963,53704.5036226506,17.98537,0.116306655691459,185.55776,8.63769
1109066003963,53704.5101560764,17.817392,0.109601079328293,185.5577,8.6377
1109066003963,53828.2370174537,18.976799,0.257822559895908,185.55751,8.63756
1109066003963,53828.2395742941,18.232742,0.166457081226777,185.55767,8.63768
1109066003963,53828.2422167938,17.539015,0.11735950689586,185.55807,8.63784
1109066003963,53828.2447471181,18.057921,0.176254671495455,185.55752,8.63784
1109066003963,53843.2669437039,17.588287,0.101618496047886,185.55764,8.63767
1109066003963,53843.2750442247,17.441616,0.0968643278937031,185.55778,8.63771
1109066003963,53843.2831501737,17.614676,0.102376641370708,185.55781,8.63775
1109066003963,53843.2912063659,17.648934,0.103671752831284,185.55769,8.63761
1109066003963,54085.4606486112,17.529585,0.0951343376814985,185.55768,8.63763
1109066003963,54085.4736045832,17.68027,0.100994252827512,185.55783,8.63781
1109066003963,54085.4857346993,18.03346,0.112077744284204,185.55767,8.63773
1109066003963,54085.4961918173,18.291138,0.133975322756989,185.55782,8.63775
1109066003963,54095.4426578586,17.653598,0.0981275554768353,185.5578,8.63771
1109066003963,54095.4545437498,17.780336,0.101858197410454,185.55777,8.63766
1109066003963,54095.4664585763,18.135133,0.11511925192731,185.55771,8.63768
1109066003963,54095.4783318518,18.235314,0.119368034323866,185.55775,8.6377
1109066003963,53772.4464887614,17.463327,0.0935742972170583,185.5577,8.63784
1109066003963,53772.4540540627,17.505555,0.0948257340090656,185.5578,8.6375
1109066003963,53772.461676551,17.626558,0.0986727588604229,185.55772,8.63777
1109066003963,53772.4692644212,17.780299,0.103785795885257,185.55766,8.6376
1109066003963,53774.4295112267,17.539783,0.0967312311004303,185.55763,8.63779
1109066003963,53774.4370033797,17.71928,0.102696115102381,185.5577,8.63782
1109066003963,53774.4444969213,17.731215,0.103609903172728,185.5577,8.63775
1109066003963,53774.452044514,17.691377,0.102838114501235,185.55768,8.63783
1109066003963,53743.433588854,17.572106,0.0982654314129073,185.55765,8.63784
1109066003963,53743.439945648,17.601583,0.0990761177297389,185.55767,8.63777
1109066003963,53743.4463089234,17.682331,0.101809345911302,185.55778,8.63774
1109066003963,53743.4526722105,17.709912,0.102502196715562,185.55767,8.63774
1109066003963,53758.402252778,17.652046,0.100442147578364,185.55776,8.63774
1109066003963,53758.4081154512,17.573052,0.0978988673545922,185.55769,8.63758
1109066003963,53758.4140960765,17.570755,0.0976832346234534,185.55773,8.63774
1109066003963,53758.4200633797,17.591879,0.0982360170230433,185.5577,8.63777
1109066003963,53765.4455528241,17.893127,0.109436021598818,185.55765,8.63772
1109066003963,53765.4520865972,17.806439,0.106158454707614,185.55767,8.63783
1109066003963,53765.4586050925,17.745529,0.104001513691974,185.55767,8.6376
1109066003963,53765.4652423379,17.685685,0.101538034921629,185.55769,8.63771
1109066003963,53905.2317479052,17.699501,0.261418370558191,185.5577,8.63779
1109066003963,53905.232812303,17.695464,0.262315049820952,185.55734,8.63757
1109066003963,53905.233853565,17.880875,0.288889747396232,185.55772,8.63764
1109066003963,53905.2349080093,17.402418,0.225136907335059,185.55779,8.63718
1109066003963,53797.3426731019,18.266638,0.127474430819427,185.55779,8.63775
1109066003963,53797.3505123844,18.205215,0.124817923900758,185.55771,8.63764
1109066003963,53797.3579774536,18.292198,0.137860252204093,185.55769,8.6378
1109066003963,53797.3656971646,18.049411,0.115664524061737,185.55775,8.6377
1109066003963,53816.4406316319,17.401634,0.108598760750138,185.55791,8.63785
1109066003963,53816.4456267824,17.348243,0.107020401887072,185.55767,8.63769
1109066003963,53816.4508123381,17.447659,0.110862975540953,185.55781,8.63754
1109066003963,53816.4558168749,17.526959,0.114417966387232,185.55763,8.63775
1109066003963,53857.2525191433,18.429143,0.14215204617408,185.55763,8.63779
1109066003963,53857.257397396,18.091671,0.124899220284566,185.55773,8.63764
1109066003963,53857.2622682406,18.494524,0.154070505405933,185.55749,8.63765
1109066003963,53857.2671462614,18.062463,0.126659845701597,185.5578,8.63776
1109066003963,53876.2142495024,17.742146,0.107783130809504,185.5577,8.63774
1109066003963,53876.221846065,17.630338,0.103511801094514,185.55777,8.63779
1109066003963,53876.2293903008,17.701197,0.106204976396864,185.55774,8.63777
1109066003963,53876.2369541088,17.679618,0.105641701903332,185.55765,8.63774
1109066003963,54201.283744236,17.599112,0.098478484634199,185.55775,8.63767
1109066003963,54201.293200023,17.563728,0.0973664273707774,185.5577,8.63765
1109066003963,54201.3026634608,17.596119,0.0985251400985132,185.55772,8.63767
1109066003963,54201.3121202895,17.688241,0.101634625949952,185.55761,8.63776
1109066003963,54212.2212509145,17.6378,0.0982605260470929,185.55766,8.63773
1109066003963,54212.2305417592,17.771093,0.102648985054855,185.55769,8.63766
1109066003963,54212.2398471991,17.83067,0.104706199200801,185.55772,8.63774
1109066003963,54212.2491364353,17.974589,0.110170913020185,185.55767,8.63766
1109066003963,54159.422925185,17.779085,0.102125306779169,185.55754,8.63775
1109066003963,54159.4309093752,18.142154,0.117490389824959,185.55772,8.63772
1109066003963,54159.4388361573,18.284901,0.122713178939439,185.5577,8.63775
1109066003963,54159.4466879396,18.090506,0.113808944683069,185.55794,8.63754
1109066003963,54127.3667313078,17.777709,0.107680824977547,185.55784,8.63769
1109066003963,54127.3757883565,17.773125,0.107315786721305,185.55782,8.63775
1109066003963,54127.3849105671,17.847369,0.109913130477455,185.55769,8.63782
1109066003963,54127.394009861,18.068027,0.119126192994507,185.5577,8.63781
1109066003963,54265.1990722572,18.213261,0.12766372674571,185.55757,8.63788
1109066003963,54265.207217685,18.280459,0.131327032086303,185.55778,8.63781
1109066003963,54265.2153955209,18.256917,0.130509230042197,185.55776,8.63764
1109066003963,54265.2235425692,17.895916,0.114000787267891,185.5578,8.63753
1109066003963,54171.3363893172,17.611002,0.0964973231035208,185.55773,8.63771
1109066003963,54171.3447956364,17.574652,0.0953369829876596,185.55758,8.6377
1109066003963,54171.353188993,17.65767,0.0978950145383008,185.55765,8.6377
1109066003963,54171.3616014468,17.5531,0.0947583820864781,185.55779,8.6376
1109066003963,54179.3205934027,17.746049,0.101295034506339,185.5577,8.63774
1109066003963,54179.3283024654,17.691069,0.0995553422466993,185.55777,8.63775
1109066003963,54179.3351782756,17.6162,0.0972653568502597,185.5577,8.63783
1109066003963,54179.34206022,17.502556,0.0950076327556835,185.55771,8.63781
1109066003963,54233.2575906827,17.841243,0.108683097156998,185.55766,8.6378
1109066003963,54233.2645872105,17.932471,0.112101022001797,185.5577,8.6375
1109066003963,54233.2716181134,18.072239,0.118111568677555,185.5577,8.63779
1109066003963,54233.2786429976,18.404494,0.135143527100022,185.55763,8.63775
1109066003963,54242.1904476159,17.630631,0.101125538159826,185.55776,8.63774
1109066003963,54242.1977620949,17.798406,0.107024781052055,185.55773,8.63785
1109066003963,54242.2049992709,17.955508,0.113399222241837,185.55771,8.63781
1109066003963,54242.2122384026,18.434303,0.136494088891132,185.55765,8.63772
1109066003963,54562.3566092476,17.64999,0.100463958321052,185.55767,8.63769
1109066003963,54562.3617680674,17.701401,0.102346852743874,185.55753,8.63766
1109066003963,54562.366932685,17.661648,0.101109784954796,185.55766,8.6376
1109066003963,54562.3720961344,17.670104,0.101620801599113,185.55772,8.63793
1109066003963,54568.2745209606,17.52627,0.0939316082756609,185.55773,8.6377
1109066003963,54568.2852617707,17.691834,0.0990068139641517,185.55778,8.6378
1109066003963,54568.2960276967,17.613829,0.096564770288124,185.5578,8.63771
1109066003963,54568.3067307756,18.028805,0.111397726965988,185.55766,8.63775
1109066003963,54502.4065725114,17.793147,0.101491048133781,185.55773,8.63783
1109066003963,54502.4149916782,17.6866,0.0980012628283377,185.55771,8.63789
1109066003963,54502.4234227776,17.592796,0.0950475538880537,185.55765,8.63781
1109066003963,54502.4318189118,17.6553,0.0969238738473648,185.55781,8.63772
1109066003963,54523.4257499655,17.671671,0.0974614145662952,185.55767,8.63772
1109066003963,54523.4356465279,17.578595,0.0945959244738709,185.55765,8.63782
1109066003963,54523.4455479398,17.553904,0.0940220284095521,185.55772,8.63777
1109066003963,54523.4555037618,17.554043,0.0940567422861416,185.55774,8.63773
1109066003963,54476.4321452892,17.715022,0.0993670807535089,185.55767,8.63768
1109066003963,54476.4414187847,17.67662,0.0979200757749084,185.55775,8.63773
1109066003963,54476.4498898033,17.631215,0.0964937333308904,185.5577,8.63766
1109066003963,54476.4583182293,17.716209,0.0990934826938755,185.55767,8.63772
1109066003963,54483.4415500229,18.054192,0.111192854349024,185.55775,8.63774
1109066003963,54496.3916312964,17.610584,0.0957583479791781,185.55777,8.63781
1109066003963,54496.3959995718,17.572675,0.0945075343364083,185.55774,8.63774
1109066003963,54496.400339942,17.570748,0.0945204838501973,185.55763,8.63776
1109066003963,54496.4047016203,17.598206,0.0951736879079859,185.55774,8.63781
1109066003963,54532.2747667362,17.501877,0.0766225315336723,185.55773,8.63764
1109066003963,54532.2872438543,17.525855,0.0770380513328007,185.55772,8.63759
1109066003963,54532.2997048958,17.68921,0.0800440446789682,185.55763,8.63764
1109066003963,54532.3122158218,17.929254,0.0855214966875872,185.55766,8.63779
1109066003963,54535.2710310185,17.686042,0.115728068853613,185.55771,8.63767
1109066003963,54535.2714456252,17.527105,0.109289681548889,185.55763,8.63768
1109066003963,54535.2718611459,17.615613,0.112766881462997,185.55754,8.63775
1109066003963,54535.2722781828,17.606942,0.112371120509115,185.55767,8.63777
1109066003963,54554.262622037,18.316147,0.124295992553944,185.55775,8.63775
1109066003963,54554.269625972,18.141399,0.116455852832275,185.55787,8.63764
1109066003963,54554.2766544446,17.9642,0.109032876126818,185.55782,8.63768
1109066003963,54554.2836698494,17.89463,0.106438970079377,185.55777,8.63781
1109066003963,54587.1814072914,17.610096,0.0969808392279453,185.55768,8.63781
1109066003963,54587.1867761919,17.448793,0.0921494113054026,185.55773,8.63759
1109066003963,54587.1921645487,17.615991,0.097149945596918,185.55773,8.63773
1109066003963,54587.1975453706,17.603667,0.0967739805204582,185.55765,8.63762
1109066003963,54794.523024641,17.563815,0.0946064947919165,185.55765,8.63775
1109066003963,54794.5295585301,17.439109,0.091025994258408,185.55774,8.63781
1109066003963,54794.5353957405,17.61405,0.10096630503264,185.55773,8.63763
1109066003963,54794.5416561226,17.565352,0.0974916035002414,185.55778,8.63765
1109066003963,54924.298036655,17.536666,0.0948076406199782,185.55772,8.6378
1109066003963,54924.3027593633,17.509882,0.0942967659979783,185.55764,8.63779
1109066003963,54924.3075240739,17.461288,0.0928348558211047,185.55772,8.63766
1109066003963,54924.3124121642,17.568926,0.0958884100667175,185.55765,8.63779
1109066003963,54948.2971640974,17.997439,0.111956327074659,185.55762,8.63792
1109066003963,54948.303649514,17.771213,0.103525611186145,185.5577,8.63777
1109066003963,54948.3102871063,17.67181,0.100205861775037,185.55774,8.63777
1109066003963,54948.3169393055,17.634825,0.0991302981939482,185.55771,8.63766
1109066003963,55183.4941311344,18.213139,0.119103045782746,185.55765,8.6379
1109066003963,55183.4993606829,18.219441,0.119121563199593,185.55782,8.63767
1109066003963,55183.5045871064,18.319445,0.123115835833607,185.55779,8.63773
1109066003963,55183.5097723263,17.8568,0.104036168689667,185.55764,8.63792
1109066003963,54863.4716763543,17.57207,0.0941097251101282,185.55771,8.63776
1109066003963,54863.477152199,17.65758,0.0966532536321623,185.55763,8.63782
1109066003963,54863.48257794,17.535013,0.0930353866153515,185.55774,8.63772
1109066003963,54863.4879576042,17.538193,0.0931034776072978,185.55766,8.63772
1109066003963,54882.4462262155,17.969096,0.10752370127267,185.55766,8.63772
1109066003963,54882.4532089699,18.222876,0.117944436085895,185.55771,8.63767
1109066003963,54882.4603493749,18.159545,0.115444297604947,185.55774,8.6377
1109066003963,54882.4675076041,17.976563,0.108016432453769,185.55783,8.63769
1109066003963,54856.4189508101,17.562645,0.0933890766280146,185.55774,8.63776
1109066003963,54856.4281247687,17.701648,0.0975067162830352,185.55779,8.63767
1109066003963,54856.4373887731,17.693517,0.0972653568502597,185.55783,8.63764
1109066003963,54856.4465509146,17.947844,0.105568807703462,185.5578,8.63777
1109066003963,54908.3370120255,17.97957,0.108741048675755,185.55767,8.63771
1109066003963,54908.3418774307,18.040835,0.110748860557002,185.55763,8.63778
1109066003963,54908.346698727,18.296431,0.122569729260724,185.55773,8.63775
1109066003963,54908.3515765164,18.233421,0.118904747401476,185.55771,8.63774
1109066003963,54917.31247456,17.637715,0.0977491172936013,185.55772,8.63783
1109066003963,54917.3184644445,17.666374,0.0985360760071853,185.55767,8.63778
1109066003963,54917.3244132525,17.654316,0.0981139152656592,185.55774,8.63783
1109066003963,54917.3304235069,17.563325,0.0954183077843325,185.55774,8.63788
1109066003963,54968.1754987268,17.596759,0.0999157773356117,185.55763,8.63773
1109066003963,54968.1828046641,17.494847,0.0967148860640818,185.55771,8.63762
1109066003963,54968.1901564351,17.644047,0.101437309404801,185.55766,8.63769
1109066003963,54968.1974308798,17.608857,0.10032800890259,185.55774,8.63772
1109066003963,55156.5141441897,17.640437,0.0993484513195135,185.55783,8.63776
1109066003963,55156.5201312965,17.652483,0.0995982234515656,185.55775,8.63781
1109066003963,55156.5262081712,17.703198,0.101017758339177,185.5576,8.63775
1109066003963,55156.5323185185,17.703042,0.100828223154945,185.5577,8.63775
1109066003963,55290.2100122916,17.71486,0.101480745582841,185.55771,8.63773
1109066003963,55290.2169633336,17.595319,0.0975606450229847,185.55775,8.63779
1109066003963,55290.2238920601,17.581838,0.0970435080252963,185.55772,8.63775
1109066003963,55290.2308134837,17.526992,0.0951963321775485,185.55777,8.63783
1109066003963,55299.2126594329,17.721952,0.160383901297052,185.55751,8.63788
1109066003963,55299.2167452894,18.027122,0.184426275515012,185.55768,8.63791
1109066003963,55299.2207683682,18.097214,0.19059361311509,185.5574,8.63769
1109066003963,55299.2248415973,17.896312,0.173161950318632,185.55783,8.63776
1109066003963,55536.4824173842,17.697127,0.116273148043566,185.55771,8.63771
1109066003963,55536.4940539701,17.63825,0.127322576352937,185.55782,8.63781
1109066003963,55536.4999144445,18.059028,0.249312014062398,185.55772,8.63772
1109066003963,55246.4417592939,17.633915,0.100937279689286,185.55774,8.63774
1109066003963,55246.4508354166,17.690953,0.100800491812822,185.5577,8.63777
1109066003963,55246.4600172802,17.666592,0.0995919439420065,185.55766,8.63782
1109066003963,55246.4691098263,17.596597,0.0972905780285971,185.55775,8.63779
1109066003963,55349.1525637151,18.137948,0.0967375936554429,185.55772,8.63788
1109066003963,55349.160551632,18.164404,0.0977042162562723,185.55761,8.63776
1109066003963,55349.1686236921,17.897481,0.0901475442292212,185.55766,8.63774
1109066003963,55349.1766159955,18.041941,0.129688106082254,185.55745,8.63794
1109066003963,55260.4036387382,17.745454,0.101480745582841,185.55756,8.63771
1109066003963,55260.408722199,17.79517,0.102981033606746,185.5577,8.63767
1109066003963,55260.41385544,17.588679,0.0964274237952699,185.55764,8.63767
1109066003963,55260.4189760997,17.674344,0.0993805459150539,185.55781,8.63765
1109066003963,55267.4461626387,17.94323,0.109978977121419,185.55766,8.6376
1109066003963,55267.4519899306,17.731974,0.102315914258932,185.55766,8.63783
1109066003963,55267.4578095488,17.63899,0.0992761644753605,185.55778,8.63777
1109066003963,55267.4636855787,17.61031,0.0985758889536241,185.55765,8.63772
1109066003963,55275.3874073494,17.667155,0.0990699946195478,185.5576,8.63768
1109066003963,55275.3937298842,17.551658,0.0953378271058093,185.55784,8.6376
1109066003963,55275.4000833449,17.780146,0.102824726967167,185.55775,8.63771
1109066003963,55275.4064919096,17.840811,0.105109227541048,185.55766,8.63775
1109066003963,55325.2520012036,17.960064,0.110013613543586,185.5577,8.63785
1109066003963,55325.2594965971,17.783236,0.103707168511316,185.5576,8.63783
1109066003963,55325.2669463195,17.701473,0.100988660344507,185.55767,8.63786
1109066003963,55325.2744868863,17.631537,0.098622768242042,185.55769,8.63784
1109066003963,55336.2266725809,17.729768,0.101819806065874,185.55762,8.63778
1109066003963,55336.23464897,17.699554,0.100788300363754,185.55763,8.63781
1109066003963,55336.2427383219,17.783035,0.103716034254414,185.55771,8.63795
1109066003963,55336.2507878123,17.764653,0.103227485642543,185.55762,8.63766
1109066003963,55655.3106705438,17.855614,0.0972038455315581,185.5576,8.63791
1109066003963,55655.3176097915,17.762512,0.094586986541691,185.55772,8.63788
1109066003963,55655.3245154744,17.657207,0.0915093262342633,185.55761,8.63776
1109066003963,55655.3314526275,17.516647,0.0878715277847315,185.55779,8.63771
1109066003963,55663.187150104,18.391378,0.134718343853514,185.55767,8.63775
1109066003963,55663.1923657637,17.955354,0.113652653971437,185.55763,8.63773
1109066003963,55663.1975848959,17.7841,0.106896577948128,185.55754,8.63763
1109066003963,55663.2027515974,17.847102,0.1092384271573,185.55775,8.63771
1109066003963,55674.1548183682,17.840522,0.152561839194207,185.55765,8.63765
1109066003963,55674.1706128358,17.693732,0.136880910884051,185.55768,8.63789
1109066003963,55674.1786229862,17.624584,0.109814684021096,185.55776,8.63774
1109066003963,55676.1746077201,18.304477,0.145938788060487,185.55758,8.63778
1109066003963,55676.1806631366,18.167393,0.137691770783553,185.55746,8.63786
1109066003963,55676.1866790627,18.38836,0.1504004615979,185.55752,8.63781
1109066003963,55676.1927218636,18.180059,0.138896217253345,185.55746,8.63781
1109066003963,55603.3755797803,17.794017,0.0945115798492773,185.55776,8.63777
1109066003963,55603.3846045256,17.950243,0.0991897536166525,185.55769,8.63781
1109066003963,55603.39367478,18.119823,0.105033957184971,185.5577,8.63769
1109066003963,55603.40273331,18.088627,0.103735038723355,185.5578,8.63782
1109066003963,55617.4764111457,17.596254,0.0980779146796584,185.55768,8.63789
1109066003963,55617.4845217015,17.540638,0.0965683731324512,185.55778,8.6377
1109066003963,55617.4926296179,17.599649,0.0983983268823612,185.55766,8.63778
1109066003963,55617.5007326966,17.515081,0.0959223696534504,185.55768,8.6378
1109066003963,55577.450582558,17.587386,0.111237856698453,185.55783,8.63765
1109066003963,55577.4579235415,17.656902,0.114242542857662,185.55777,8.63767
1109066003963,55577.4653168402,17.830189,0.122122907510723,185.55769,8.63781
1109066003963,55577.4727834605,17.672848,0.115717810054357,185.55768,8.63765
1109066003963,55624.3892969329,17.999558,0.102465052140058,185.55769,8.63767
1109066003963,55624.4003598959,18.179593,0.109096430741586,185.55773,8.63775
1109066003963,55624.4114916086,18.093828,0.105904919471487,185.55779,8.63775
1109066003963,55624.4225600114,17.944946,0.100704267873894,185.55765,8.63772
1109066003963,55631.3676553586,18.282582,0.113157517226363,185.5577,8.63782
1109066003963,55631.3759114699,18.21211,0.110448156910557,185.55766,8.63772
1109066003963,55631.3842309838,18.007027,0.102784606939983,185.55771,8.63772
1109066003963,55631.3926323264,17.754285,0.0948372564857786,185.55784,8.63763
1109066003963,55644.2759630326,17.793704,0.107092074519252,185.5577,8.63773
1109066003963,55644.2825448494,17.712428,0.104176618388191,185.55767,8.63778
1109066003963,55644.2891765507,17.665285,0.102650190516695,185.55771,8.63783
1109066003963,55644.295855023,17.639648,0.101751335006343,185.55778,8.63776
1109066003963,55705.1433639121,17.594653,0.100976363672503,185.55773,8.63776
1109066003963,55705.1524970257,17.512361,0.0984151256587307,185.55783,8.6378
1109066003963,55705.1616931018,17.569147,0.100055502839482,185.55777,8.6377
1109066003963,55705.1708158101,17.686002,0.103969472428054,185.5577,8.63775
1109066003963,53828.285661655,17.499385,0.107854094921722,185.55763,8.63768
1109066003963,54483.4459555671,18.196409,0.117121127244496,185.55768,8.6377
1109066003963,54483.452503345,18.284284,0.121109633860013,185.55762,8.63763
1109066003963,54483.4590528589,18.266256,0.120024569649443,185.55763,8.63766
1109066003963,54483.4657120947,18.121897,0.1137421245378,185.55774,8.63769
1109066003963,55299.2323205439,18.162706,0.117218401502126,185.55761,8.63786
1109066003963,55299.2392612733,17.95535,0.108755164342202,185.55765,8.638
1109066003963,55299.2462684838,17.88726,0.106109214673403,185.55765,8.63787
1109066003963,55299.2532172455,17.746302,0.101062600222449,185.55769,8.63772
1109066003963,55267.5012012154,17.632404,0.117679057767999,185.55761,8.63799
1109066003963,55267.5040054053,17.620332,0.117424872249083,185.55762,8.63755
1109066003963,55267.5068318287,17.65886,0.119358691913525,185.55771,8.63774
1109066003963,55267.5096649538,17.703684,0.121518863038904,185.5577,8.6377
1109066003963,55565.4928079052,17.583172,0.0971880326674569,185.5578,8.63768
1109066003963,55565.500374896,17.62559,0.0985968204553236,185.55776,8.63771
1109066003963,55565.5079782871,17.623554,0.0985898409004329,185.55769,8.6377
1109066003963,55565.5155942822,17.640851,0.102197330006233,185.55779,8.63776
1109066003963,53828.3339799191,17.99861,0.146673326821438,185.55767,8.63775
1109066003963,53828.3555393173,18.014991,0.118410389050249,185.55765,8.6379
1109066003963,53828.3577282061,17.861039,0.132574200384737,185.55771,8.63782
1109066003963,53828.362308993,17.906282,0.113045845101126,185.5577,8.63763
1109066003963,55892.5133475694,17.509386,0.0942919662306374,185.55786,8.63773
1109066003963,55892.5179843749,17.697704,0.100281446003638,185.55773,8.63778
1109066003963,55892.5226612846,17.5921,0.0968753070008006,185.55782,8.63762
1109066003963,55892.5273641781,17.633606,0.0980487716985355,185.55775,8.63769
1109066003963,55920.4557565162,18.115752,0.116861235247772,185.55755,8.63781
1109066003963,55920.4649927663,17.830648,0.105314774132654,185.55764,8.6377
1109066003963,55920.474261655,17.836309,0.105366448234589,185.55767,8.63776
1109066003963,55920.4834194905,17.711709,0.100886019623837,185.55773,8.63775
1109066003963,55927.4846281479,17.598347,0.0973392385804889,185.55769,8.63781
1109066003963,55927.4938017707,17.712346,0.100676697486718,185.55772,8.63775
1109066003963,55927.5031168405,17.882102,0.106718529732987,185.55766,8.63777
1109066003963,55927.5123406136,17.792285,0.103404135160641,185.55764,8.63766
1109066003963,55959.4449003008,18.171912,0.118528076407571,185.5575,8.63753
1109066003963,55959.4505544095,18.122188,0.116277333639684,185.55774,8.63789
1109066003963,55959.4562087501,18.014051,0.111464053512962,185.55778,8.63785
1109066003963,55959.4619293981,18.098283,0.115125274286899,185.55757,8.63775
1109066003963,55975.4680894562,18.156539,0.119114617065409,185.55769,8.63767
1109066003963,55975.4753653705,18.164309,0.119515523155766,185.55748,8.63759
1109066003963,55975.4826997803,17.865314,0.10724344157707,185.55766,8.63776
1109066003963,55975.4899718054,17.678371,0.100835993858196,185.55775,8.63781
1109066003963,55982.4403255209,18.271281,0.123556118335857,185.55773,8.63773
1109066003963,55982.44596978,18.083696,0.115053103709737,185.55772,8.63785
1109066003963,55982.4517066437,17.975385,0.110782871355037,185.55768,8.63769
1109066003963,55982.4573303009,17.899703,0.107765046191829,185.55774,8.63776
1109066003963,55988.3144172337,17.638008,0.0990200435633717,185.55766,8.63774
1109066003963,55988.3201045487,17.592026,0.0974303291169804,185.55782,8.63775
1109066003963,55988.3258012384,17.83889,0.10570239593699,185.5577,8.63772
1109066003963,55988.3314976967,17.837861,0.105757707927052,185.55774,8.6379
1109066003963,55999.3348212387,17.540745,0.0957005347815738,185.5577,8.63768
1109066003963,55999.3399313311,17.660266,0.0992452615843212,185.55759,8.63787
1109066003963,55999.3449586807,17.668488,0.0996086960805606,185.55772,8.63772
1109066003963,55999.3500021063,17.712942,0.101196561477788,185.55775,8.63758
1109066003963,56007.3703939932,17.787956,0.0938744394502103,185.55771,8.63775
1109066003963,56007.3807088657,17.959114,0.0992277709435121,185.55775,8.63782
1109066003963,56007.3909737038,18.119527,0.104783052892547,185.55764,8.63769
1109066003963,56007.4013129513,18.042643,0.10214535697429,185.55772,8.63773
1109066003963,56016.3390141898,18.083472,0.116472715032206,185.55768,8.63767
1109066003963,56016.3459298378,17.892926,0.10869874645225,185.55779,8.63769
1109066003963,56016.3528823843,17.862538,0.107626840713383,185.55769,8.63771
1109066003963,56016.3598400462,17.762865,0.10406830462162,185.55775,8.63777
1109066003963,56029.2002891204,17.842371,0.106892218716505,185.5577,8.63771
1109066003963,56029.20543544,17.971885,0.132999028905893,185.55771,8.63773
1109066003963,56029.210536412,17.977768,0.112104604030747,185.55772,8.63761
1109066003963,56029.2155713891,18.098753,0.117253071513062,185.55773,8.63772
1109066003963,56035.2183812615,17.524377,0.0963559919419537,185.5577,8.63777
1109066003963,56035.2239266089,17.525936,0.096361341130099,185.55778,8.63759
1109066003963,56035.229547523,17.790514,0.105142909256934,185.55768,8.6378
1109066003963,56035.2351333331,17.745176,0.103464165573389,185.55783,8.63769
1109066003963,56263.5260009258,17.6417,0.0994230697830937,185.55766,8.63773
1109066003963,56263.5293893982,17.77535,0.103899141157994,185.55771,8.63776
1109066003963,56263.5328511689,17.696832,0.101125538159826,185.55771,8.63773
1109066003963,56263.5362335071,17.615563,0.0984210558187472,185.55769,8.63779
1109066003963,56301.4496607408,18.055464,0.114273642767256,185.55778,8.63772
1109066003963,56301.4547922453,18.256193,0.123296519088918,185.55763,8.63771
1109066003963,56301.4599007405,18.383928,0.129548333158041,185.55781,8.63783
1109066003963,56301.4650290045,18.119451,0.116677974503144,185.55763,8.63747
1109066003963,56311.4685065509,17.701886,0.10169232497993,185.55777,8.63773
1109066003963,56311.473642014,17.63394,0.0996338534531288,185.55763,8.63782
1109066003963,56311.4787673843,17.610702,0.0992421758525791,185.55774,8.63767
1109066003963,56311.4839134836,17.564883,0.0977309530453742,185.55775,8.63768
1109066003963,56339.3770501507,17.564433,0.0962715055701214,185.55779,8.63772
1109066003963,56339.3820821182,17.686831,0.100295510843123,185.55773,8.63774
1109066003963,56339.387208553,17.724989,0.101572481600217,185.55772,8.63781
1109066003963,56339.3922881945,17.869667,0.106533218981002,185.55773,8.63773
1109066003963,56346.438783125,17.653116,0.0992123498714863,185.55774,8.63764
1109066003963,56346.445070243,17.491031,0.0943231829198337,185.55777,8.63781
1109066003963,56346.4512890973,17.718752,0.101493337322522,185.55762,8.63773
1109066003963,56346.457593808,17.597356,0.0977089879828922,185.55774,8.63778
1109066003963,56356.3805436459,17.76057,0.104523050659466,185.55779,8.6377
1109066003963,56356.385639919,17.939806,0.111298559725689,185.55774,8.63781
1109066003963,56356.3907651738,17.549469,0.10124630805675,185.55755,8.63784
1109066003963,56356.3958855672,17.659637,0.103851950989905,185.55776,8.63771
1109066003963,56365.3000203933,18.256733,0.110392798418378,185.55768,8.63789
1109066003963,56365.3074740855,18.322075,0.113178039107876,185.55774,8.63782
1109066003963,56365.3150041088,18.043503,0.102502196715562,185.55768,8.63767
1109066003963,56365.3225296064,17.871504,0.0969302967873491,185.55782,8.63769
1109066003963,56371.2336264006,17.793258,0.127575049300525,185.55775,8.63775
1109066003963,56371.2369611804,18.156062,0.152921994910531,185.55759,8.63778
1109066003963,56371.240396956,17.612605,0.113501059270406,185.55764,8.63758
1109066003963,56371.2437623958,17.841748,0.117216239363972,185.55768,8.63772
1109066003963,55949.370659132,17.913362,0.108816435081371,185.55768,8.63766
1109066003963,55949.3807902201,17.633615,0.0987610410229716,185.55775,8.63769
1109066003963,55949.3910722453,17.631578,0.0985360760071853,185.5577,8.63776
1109066003963,55949.4012814816,17.520905,0.0950134488787581,185.5578,8.63773
1109066003963,56383.2404865855,17.522795,0.0962768315785916,185.55776,8.63763
1109066003963,56383.2488983451,17.521848,0.0961617791574164,185.5577,8.63778
1109066003963,56383.2573724422,17.593415,0.0982585647139448,185.55779,8.63768
1109066003963,56383.2659070254,17.789736,0.104878822930045,185.55779,8.63778
1109066003963,56397.204503993,17.700054,0.102340899868972,185.5578,8.63767
1109066003963,56397.2118049539,17.815046,0.106337995661278,185.55763,8.63778
1109066003963,56397.2191168056,17.957844,0.111954548398315,185.55764,8.63786
1109066003963,56397.2263951851,18.096152,0.118196627132788,185.55771,8.63783
1109066003963,56423.212164178,17.865884,0.120372963700904,185.55778,8.63785
1109066003963,56423.2193887499,17.965289,0.114608322790985,185.5578,8.63774
1109066003963,56423.2483825926,17.830198,0.110770963227651,185.55763,8.63779
1109066003963,56423.2556659607,17.753455,0.109773778744186,185.55773,8.63765
1109066003963,56444.1790248845,17.603923,0.10037141762731,185.55775,8.63776
1109066003963,56444.1852151272,17.665904,0.102483016919817,185.55777,8.63775
1109066003963,56444.1914426503,17.568731,0.099314343790123,185.55778,8.63778
1109066003963,56444.1976504861,17.525225,0.0980206410702651,185.55772,8.63779
