1109066019991,53466.262670706,14.233138,0.0543856096197885,184.80085,9.37104
1109066019991,53466.2701926157,14.149176,0.0540983781462527,184.80083,9.37104
1109066019991,53466.2777270139,14.078425,0.0538618223958819,184.80084,9.37104
1109066019991,53466.2852693982,14.038952,0.0537326021725753,184.80084,9.37103
1109066019991,53710.5182268056,14.167155,0.0543627287983105,184.80081,9.37106
1109066019991,53710.5241839234,14.188215,0.0544136290439907,184.80079,9.37103
1109066019991,53710.5302468403,14.184703,0.0544081738362454,184.80081,9.37106
1109066019991,53710.5363268866,14.179404,0.0543855911910351,184.8008,9.37103
1109066019991,53731.4827815974,14.102196,0.0541428999726729,184.8008,9.37105
1109066019991,53731.4908661461,14.186897,0.054421014172942,184.80085,9.37104
1109066019991,53731.4989327546,14.282692,0.0549260738764466,184.8008,9.37101
1109066019991,53731.5070022452,14.418671,0.0553725095548827,184.80076,9.37105
1109066019991,53553.1607967592,14.225254,0.0550640255836675,184.80082,9.37105
1109066019991,53553.167219074,14.164312,0.0548591721573033,184.80081,9.37105
1109066019991,53553.1737027313,14.106613,0.0546801985865035,184.80082,9.37106
1109066019991,53553.1801176271,14.069055,0.0545713801778066,184.80081,9.37104
1109066019991,53528.1923725926,14.013853,0.0539480944702391,184.80083,9.37106
1109066019991,53528.199861736,14.01252,0.0539522882108669,184.8008,9.37104
1109066019991,53528.2073545833,14.013304,0.053977456999578,184.80081,9.37105
1109066019991,53528.2148296065,14.008628,0.0539796429979662,184.8008,9.37107
1109066019991,53499.1875439929,13.994943,0.0537609250105947,184.80082,9.37104
1109066019991,53499.192912315,14.000946,0.0537716244926934,184.80083,9.37105
1109066019991,53499.1982489238,14.004142,0.0537784197820749,184.80083,9.37102
1109066019991,53499.2035847223,13.992817,0.0537548742001841,184.80084,9.37103
1109066019991,53520.2293576272,14.689142,0.0685391414427678,184.80081,9.37098
1109066019991,53520.2358309836,14.011114,0.0541777392143694,184.80086,9.37102
1109066019991,53520.2422384839,14.025569,0.05433510600564,184.8008,9.37107
1109066019991,53520.2486779168,14.011701,0.0541775865159701,184.80083,9.37106
1109066019991,53704.4905420137,14.681981,0.0568437508985483,184.8008,9.37106
1109066019991,53704.4970415277,14.523558,0.0561723633751677,184.80081,9.37105
1109066019991,53704.5036226506,14.39787,0.055688856216716,184.80081,9.37105
1109066019991,53704.5101560764,14.296792,0.055285880894753,184.80081,9.37106
1109066019991,53828.2370174537,14.225999,0.0588322263521846,184.80078,9.37106
1109066019991,53828.2395742941,14.194142,0.057739583336361,184.80083,9.37106
1109066019991,53828.2422167938,14.202015,0.0569839986730582,184.8008,9.37102
1109066019991,53828.2447471181,14.188821,0.0595630125115105,184.80082,9.37105
1109066019991,53843.2669437039,14.012987,0.0542661289265213,184.80081,9.37104
1109066019991,53843.2750442247,14.020316,0.0542891623847752,184.80082,9.37103
1109066019991,53843.2831501737,14.007676,0.0542343299352171,184.80085,9.37105
1109066019991,53843.2912063659,14.010434,0.0542534446483953,184.80082,9.37105
1109066019991,54085.4606486112,14.035385,0.0538629769327004,184.80081,9.37106
1109066019991,54085.4736045832,14.03387,0.0539700235219152,184.80079,9.37105
1109066019991,54085.4857346993,14.02926,0.0537898942714205,184.8008,9.37105
1109066019991,54085.4961918173,14.012538,0.0544112462400247,184.80082,9.37103
1109066019991,54095.4426578586,14.172698,0.0542245932390248,184.80082,9.37105
1109066019991,54095.4545437498,14.159036,0.0541355658398213,184.80082,9.37108
1109066019991,54095.4664585763,14.133633,0.0540302433081783,184.80084,9.37108
1109066019991,54095.4783318518,14.096614,0.0539010502416343,184.80082,9.37106
1109066019991,53772.4464887614,13.992827,0.0537703495462546,184.80083,9.37104
1109066019991,53772.4540540627,13.997355,0.0537868438495004,184.80082,9.37104
1109066019991,53772.461676551,13.989258,0.0537753022784473,184.80083,9.37104
1109066019991,53772.4692644212,14.003399,0.0538149874951604,184.80082,9.37104
1109066019991,53774.4295112267,14.043083,0.0540238632631968,184.80081,9.37103
1109066019991,53774.4370033797,14.04318,0.054035787198113,184.80084,9.37102
1109066019991,53774.4444969213,14.044915,0.0540883169538484,184.80082,9.37104
1109066019991,53774.452044514,14.075277,0.0542487982938754,184.80082,9.37105
1109066019991,53789.375011771,14.088963,0.0696259465134599,184.80082,9.37104
1109066019991,53789.3807586921,14.166271,0.0850582000536562,184.80082,9.37111
1109066019991,53789.3865118749,14.002415,0.0982056684196263,184.80052,9.3708
1109066019991,53743.433588854,13.992806,0.0539167600506541,184.80082,9.37104
1109066019991,53743.439945648,13.990483,0.0538964528118006,184.80081,9.37104
1109066019991,53743.4463089234,13.991631,0.0539062227095478,184.80082,9.37105
1109066019991,53743.4526722105,13.991112,0.0538811316922674,184.80082,9.37103
1109066019991,53758.402252778,13.992446,0.0538753245403433,184.80082,9.37104
1109066019991,53758.4081154512,13.999452,0.0538980922640449,184.8008,9.37106
1109066019991,53758.4140960765,14.002255,0.0538923223612107,184.8008,9.37103
1109066019991,53758.4200633797,13.991079,0.0538461890286573,184.80081,9.37104
1109066019991,53765.4455528241,14.003827,0.0539414072373176,184.80081,9.37104
1109066019991,53765.4520865972,14.001639,0.0539343714147898,184.80082,9.37104
1109066019991,53765.4586050925,13.999729,0.0539317750588119,184.80083,9.37104
1109066019991,53765.4652423379,13.998885,0.0538930090598678,184.80082,9.37104
1109066019991,53905.2317479052,14.069801,0.0695861050769387,184.80082,9.37104
1109066019991,53905.232812303,14.057264,0.0695591006153881,184.80071,9.37088
1109066019991,53905.233853565,14.082675,0.0698608526027107,184.80091,9.37109
1109066019991,53905.2349080093,14.051418,0.0694186695771853,184.80093,9.37108
1109066019991,53797.3426731019,14.043238,0.0541771329951878,184.80082,9.37105
1109066019991,53797.3505123844,14.052115,0.0542333309461868,184.80082,9.37104
1109066019991,53797.3579774536,14.025098,0.0547018412411993,184.80083,9.37104
1109066019991,53797.3656971646,14.079011,0.0541750151555851,184.80083,9.37104
1109066019991,53816.4406316319,14.056134,0.0559204647639548,184.80082,9.37106
1109066019991,53816.4456267824,14.051643,0.0559526465478416,184.80085,9.37105
1109066019991,53816.4508123381,14.059059,0.0559873422978011,184.80084,9.37105
1109066019991,53816.4558168749,14.054659,0.0560020224180092,184.80083,9.37104
1109066019991,53857.2525191433,14.060943,0.0546004922031244,184.80084,9.37103
1109066019991,53857.257397396,14.056771,0.0546544057754875,184.80082,9.37105
1109066019991,53857.2622682406,14.061524,0.0550611729358262,184.80082,9.37104
1109066019991,53857.2671462614,14.039263,0.0548294367903846,184.80083,9.37105
1109066019991,53876.2142495024,14.041546,0.0544282756495513,184.80085,9.37104
1109066019991,53876.221846065,14.038638,0.0543990275694235,184.80081,9.37104
1109066019991,53876.2293903008,14.038297,0.0544123567989134,184.80082,9.37105
1109066019991,53876.2369541088,14.044518,0.0544557897503264,184.80083,9.37106
1109066019991,54201.283744236,14.011212,0.0539106429084789,184.80082,9.37104
1109066019991,54201.293200023,14.015028,0.0539229797849935,184.80082,9.37106
1109066019991,54201.3026634608,14.014019,0.0539338797956708,184.80083,9.37106
1109066019991,54201.3121202895,14.013141,0.0539392286177788,184.80083,9.37102
1109066019991,54212.2212509145,14.1664,0.054270868404382,184.80083,9.37105
1109066019991,54212.2305417592,14.173693,0.0542936565367199,184.80084,9.37105
1109066019991,54212.2398471991,14.15077,0.054212392534168,184.80083,9.37106
1109066019991,54212.2491364353,14.121789,0.0541210178454029,184.80084,9.37106
1109066019991,54159.422925185,15.120385,0.0586007127939173,184.80079,9.37107
1109066019991,54159.4309093752,15.530054,0.0617600104530158,184.80076,9.37109
1109066019991,54159.4388361573,16.043301,0.066433586489735,184.80077,9.371
1109066019991,54159.4466879396,15.753006,0.0634081504137344,184.8008,9.37101
1109066019991,54127.3667313078,14.011009,0.0541924158390876,184.80083,9.37106
1109066019991,54127.3757883565,14.015225,0.0541895405443246,184.80082,9.37104
1109066019991,54127.3849105671,14.001569,0.0541226564947715,184.80084,9.37103
1109066019991,54127.394009861,14.013127,0.054155480725835,184.80084,9.37104
1109066019991,54265.1990722572,14.005561,0.0542425460161546,184.80083,9.37103
1109066019991,54265.207217685,14.020059,0.0543039007361531,184.80084,9.37103
1109066019991,54265.2153955209,14.017217,0.0543215533431865,184.80084,9.37107
1109066019991,54265.2235425692,14.026216,0.0543839633303253,184.80081,9.37105
1109066019991,54171.3363893172,13.996002,0.0536316603240553,184.80081,9.37104
1109066019991,54171.3447956364,14.003052,0.0536462911872514,184.80084,9.37103
1109066019991,54171.353188993,13.99567,0.0536258454325724,184.80083,9.37103
1109066019991,54171.3616014468,13.992,0.0536193912355397,184.80082,9.37103
1109066019991,54179.3205934027,13.985449,0.0536435334381219,184.80083,9.37104
1109066019991,54179.3283024654,13.984869,0.0536488940790171,184.80083,9.37105
1109066019991,54179.3351782756,13.9819,0.0536482589017788,184.80083,9.37104
1109066019991,54179.34206022,13.940956,0.0536425200904256,184.80082,9.37102
1109066019991,54233.2575906827,15.521143,0.0624168974304161,184.80083,9.37105
1109066019991,54233.2645872105,15.183671,0.05976425964284,184.80081,9.37103
1109066019991,54233.2716181134,14.916639,0.0580730782034399,184.80081,9.37104
1109066019991,54233.2786429976,14.684794,0.0568667953928598,184.80082,9.37105
1109066019991,54242.1904476159,14.047031,0.0541890222997548,184.80084,9.37104
1109066019991,54242.1977620949,14.040506,0.0541633671696165,184.80083,9.37105
1109066019991,54242.2049992709,14.026608,0.054134082862728,184.80081,9.37105
1109066019991,54242.2122384026,14.033803,0.0541509026941322,184.80081,9.37105
1109066019991,54562.3566092476,13.99969,0.0539068635160934,184.80083,9.37105
1109066019991,54562.3617680674,14.013001,0.0539633911202203,184.80083,9.37105
1109066019991,54562.366932685,14.010848,0.0539669675226938,184.80084,9.37104
1109066019991,54562.3720961344,14.005304,0.0539707518262191,184.80083,9.37105
1109066019991,54568.2745209606,14.02697,0.0537202039626174,184.80082,9.37105
1109066019991,54568.2852617707,14.017534,0.0536937878047121,184.8008,9.37106
1109066019991,54568.2960276967,14.017629,0.0536948610014805,184.80081,9.37104
1109066019991,54568.3067307756,14.013105,0.0537026513240996,184.80082,9.37104
1109066019991,54502.4065725114,14.031947,0.0536592133198366,184.8008,9.37106
1109066019991,54502.4149916782,14.0257,0.0536393252213228,184.8008,9.37106
1109066019991,54502.4234227776,14.028796,0.0536398309842444,184.80083,9.37104
1109066019991,54502.4318189118,14.0309,0.053645149568726,184.80082,9.37106
1109066019991,54523.4257499655,14.028571,0.0536409694391952,184.80081,9.37104
1109066019991,54523.4356465279,14.025095,0.0536257199004138,184.80084,9.37108
1109066019991,54523.4455479398,14.014904,0.0536101864470255,184.80084,9.37104
1109066019991,54523.4555037618,14.021743,0.0536337391133001,184.80085,9.37104
1109066019991,54476.4321452892,13.991822,0.0535810271162414,184.80083,9.37105
1109066019991,54476.4414187847,13.99742,0.0535770770374618,184.80083,9.37105
1109066019991,54476.4498898033,13.988715,0.05354965563428,184.80082,9.37105
1109066019991,54476.4583182293,13.995909,0.0535645770925488,184.80082,9.37105
1109066019991,54483.4415500229,14.001992,0.0535781479487635,184.80083,9.37106
1109066019991,54496.3916312964,14.028084,0.0536560224537357,184.80081,9.371
1109066019991,54496.3959995718,14.030975,0.05365172316875,184.80083,9.37107
1109066019991,54496.400339942,14.019548,0.0536248414062448,184.80081,9.37103
1109066019991,54496.4047016203,14.025306,0.0536257826654619,184.8008,9.37102
1109066019991,54532.2747667362,14.153077,0.0521906605084768,184.8008,9.37107
1109066019991,54532.2872438543,14.060355,0.0520032184497115,184.80081,9.37107
1109066019991,54532.2997048958,14.07901,0.0520297925796061,184.8008,9.37106
1109066019991,54532.3122158218,14.073854,0.0520445484889456,184.80082,9.37104
1109066019991,54535.2710310185,14.000242,0.0552234943795225,184.80085,9.37102
1109066019991,54535.2714456252,14.003405,0.0552407613641024,184.80082,9.37107
1109066019991,54535.2718611459,14.001813,0.0552294846162327,184.80082,9.37104
1109066019991,54535.2722781828,14.003742,0.0552334710640088,184.80084,9.37102
1109066019991,54554.262622037,14.038247,0.0537951429434111,184.80082,9.37105
1109066019991,54554.269625972,14.017699,0.0537429410555315,184.80082,9.37104
1109066019991,54554.2766544446,14.029,0.0537649234218927,184.80081,9.37105
1109066019991,54554.2836698494,14.02133,0.0537442853904528,184.80081,9.37105
1109066019991,54587.1814072914,14.026396,0.0537742687044329,184.8008,9.37104
1109066019991,54587.1867761919,14.041893,0.0538107728526243,184.80081,9.37107
1109066019991,54587.1921645487,14.033591,0.0537954647597069,184.80083,9.37104
1109066019991,54587.1975453706,14.030967,0.0537875770351243,184.80081,9.37107
1109066019991,54794.523024641,14.002215,0.0536025134700733,184.80082,9.37105
1109066019991,54794.5295585301,14.004809,0.0536029165400372,184.80081,9.37105
1109066019991,54794.5353957405,13.98175,0.0540127466294551,184.80085,9.37105
1109066019991,54794.5416561226,14.006152,0.0539023900249557,184.80079,9.37105
1109066019991,54924.298036655,13.980866,0.0536404001271678,184.80083,9.37106
1109066019991,54924.3027593633,13.982582,0.0536734128091575,184.80084,9.37105
1109066019991,54924.3075240739,13.979988,0.0536583831852435,184.80083,9.37105
1109066019991,54924.3124121642,13.991826,0.0536852235692253,184.80083,9.37106
1109066019991,54948.2971640974,14.003039,0.0538106728311469,184.80084,9.37107
1109066019991,54948.303649514,14.011213,0.0538445948970201,184.80085,9.37105
1109066019991,54948.3102871063,14.01581,0.0538643126854353,184.80081,9.37107
1109066019991,54948.3169393055,14.010625,0.0538601555347727,184.8008,9.37107
1109066019991,55183.4941311344,14.068539,0.0538637882445995,184.80079,9.37103
1109066019991,55183.4993606829,14.062241,0.0538258344390221,184.80081,9.37105
1109066019991,55183.5045871064,14.058645,0.0537717463494078,184.80083,9.37105
1109066019991,55183.5097723263,14.0621,0.0537816102288561,184.80081,9.37106
1109066019991,54863.4716763543,14.02857,0.0536055230543653,184.80083,9.37105
1109066019991,54863.477152199,14.02088,0.0535822842973069,184.80084,9.37104
1109066019991,54863.48257794,14.009213,0.053547185213008,184.80084,9.37105
1109066019991,54863.4879576042,14.009993,0.0535470346826254,184.80083,9.37104
1109066019991,54882.4462262155,14.027496,0.0536256571374282,184.8008,9.37106
1109066019991,54882.4532089699,14.027276,0.0536282006891157,184.80084,9.37105
1109066019991,54882.4603493749,14.029645,0.0536529323654089,184.80083,9.37104
1109066019991,54882.4675076041,14.041563,0.053684705740496,184.80083,9.37106
1109066019991,54856.4189508101,15.554545,0.0611937996558591,184.80083,9.37103
1109066019991,54856.4281247687,15.089548,0.0580320438531672,184.80083,9.37106
1109066019991,54856.4373887731,14.765117,0.0563296102923861,184.80082,9.37105
1109066019991,54856.4465509146,14.527744,0.0552592814847491,184.80081,9.37103
1109066019991,54908.3370120255,13.99177,0.0535836957881126,184.80083,9.37105
1109066019991,54908.3418774307,14.002735,0.0535867986281911,184.80083,9.37104
1109066019991,54908.346698727,13.993931,0.0536108402348333,184.80082,9.37104
1109066019991,54908.3515765164,13.987921,0.0535440566638056,184.8008,9.37105
1109066019991,54917.31247456,14.037915,0.0538008484177942,184.80082,9.37103
1109066019991,54917.3184644445,14.026274,0.0537534489952093,184.80081,9.37104
1109066019991,54917.3244132525,14.037216,0.0537831718934581,184.80079,9.37103
1109066019991,54917.3304235069,14.036625,0.0537911888502001,184.80083,9.37108
1109066019991,54968.1754987268,13.979059,0.0539577374514036,184.8008,9.37105
1109066019991,54968.1828046641,13.978947,0.053960430355133,184.80082,9.37105
1109066019991,54968.1901564351,13.985647,0.0539741765103427,184.80082,9.37103
1109066019991,54968.1974308798,13.969057,0.0539270087075073,184.80082,9.37104
1109066019991,55156.5141441897,14.035937,0.0539438833992667,184.80078,9.37105
1109066019991,55156.5201312965,14.018383,0.0538745653420066,184.8008,9.37102
1109066019991,55156.5262081712,14.031198,0.0538910431125864,184.80082,9.37104
1109066019991,55156.5323185185,14.026942,0.0538602580666363,184.80081,9.37105
1109066019991,55290.2100122916,14.01686,0.0538524199826915,184.80084,9.37106
1109066019991,55290.2169633336,14.017919,0.0538519443296877,184.80086,9.37108
1109066019991,55290.2238920601,14.018838,0.0538450548180209,184.80085,9.37109
1109066019991,55290.2308134837,14.025392,0.0538464349414157,184.80086,9.37105
1109066019991,55299.2126594329,14.457652,0.0626451468279604,184.80083,9.37105
1109066019991,55299.2167452894,14.546122,0.0634342486528135,184.80081,9.37104
1109066019991,55299.2207683682,14.637014,0.0642964989030505,184.80083,9.37101
1109066019991,55299.2248415973,14.747812,0.065390633638838,184.80079,9.37102
1109066019991,55536.4824173842,14.004027,0.0552451357352157,184.80081,9.37104
1109066019991,55536.4940539701,14.08515,0.0569609802599121,184.80082,9.37104
1109066019991,55536.4999144445,14.130228,0.0650114552705067,184.80081,9.37103
1109066019991,55246.4417592939,14.133115,0.0544541052523812,184.80086,9.37108
1109066019991,55246.4508354166,14.152853,0.0543097401653762,184.80086,9.37107
1109066019991,55246.4600172802,14.171192,0.0543303004422895,184.80087,9.37107
1109066019991,55246.4691098263,14.195897,0.0544076834170473,184.80086,9.37107
1109066019991,55349.1525637151,14.023148,0.0523700279474807,184.80082,9.37106
1109066019991,55349.160551632,14.025604,0.0523857933359007,184.80082,9.37104
1109066019991,55349.1686236921,14.020181,0.052384510806855,184.80081,9.37104
1109066019991,55349.1766159955,14.115941,0.0554492527139646,184.80076,9.37104
1109066019991,55260.4036387382,14.029154,0.0537952012569991,184.80085,9.37106
1109066019991,55260.408722199,14.03767,0.0538038380286711,184.80085,9.37106
1109066019991,55260.41385544,14.046279,0.0538467794347572,184.80086,9.37106
1109066019991,55260.4189760997,14.038844,0.0538492582407457,184.80087,9.37106
1109066019991,55267.4461626387,14.43913,0.0553933344177959,184.80086,9.37107
1109066019991,55267.4519899306,14.573074,0.0559806471426593,184.80084,9.37106
1109066019991,55267.4578095488,14.72009,0.0566825576627651,184.80086,9.37106
1109066019991,55267.4636855787,14.89361,0.057629737609086,184.80087,9.37106
1109066019991,55275.3874073494,14.077655,0.0539646198047788,184.80085,9.37108
1109066019991,55275.3937298842,14.099158,0.0540176439986502,184.80087,9.37107
1109066019991,55275.4000833449,14.109046,0.0540646019472329,184.80087,9.37107
1109066019991,55275.4064919096,14.123911,0.054126199524642,184.80086,9.37104
1109066019991,55325.2520012036,14.003664,0.0537772896708711,184.80081,9.37105
1109066019991,55325.2594965971,14.004036,0.0538005705185745,184.8008,9.37106
1109066019991,55325.2669463195,14.013873,0.0538392599275142,184.80082,9.37107
1109066019991,55325.2744868863,14.005537,0.0538056305726832,184.80082,9.37108
1109066019991,55336.2266725809,14.013168,0.053825556283102,184.80081,9.37102
1109066019991,55336.23464897,14.009854,0.0538139848437169,184.80083,9.37104
1109066019991,55336.2427383219,14.006135,0.0538085000229342,184.80083,9.37104
1109066019991,55336.2507878123,13.995453,0.0537891908947146,184.80083,9.37106
1109066019991,55655.3106705438,14.018414,0.0530721761181504,184.80081,9.37105
1109066019991,55655.3176097915,14.019512,0.0530918134120913,184.80082,9.37103
1109066019991,55655.3245154744,14.014707,0.0530702410340879,184.80082,9.37104
1109066019991,55655.3314526275,14.014747,0.0530739980516705,184.80083,9.37105
1109066019991,55663.187150104,14.098878,0.0544102505417046,184.8008,9.37106
1109066019991,55663.1923657637,14.082454,0.0543440449757328,184.80081,9.37106
1109066019991,55663.1975848959,14.0613,0.0542702098710949,184.8008,9.37105
1109066019991,55663.2027515974,14.056402,0.054248849240087,184.80081,9.37104
1109066019991,55674.1548183682,13.995622,0.0577279048187685,184.80084,9.37104
1109066019991,55674.1706128358,13.979632,0.0570546841119539,184.80079,9.37103
1109066019991,55674.1786229862,13.952284,0.0547200074169577,184.80081,9.37102
1109066019991,55676.1746077201,14.026577,0.0551784541130331,184.8008,9.37104
1109066019991,55676.1806631366,14.038093,0.0552196585252719,184.80079,9.37103
1109066019991,55676.1866790627,14.05106,0.055221189363696,184.80083,9.37103
1109066019991,55676.1927218636,14.066359,0.0553685702048496,184.80081,9.37102
1109066019991,55603.3755797803,14.127617,0.05329226240423,184.80082,9.37105
1109066019991,55603.3846045256,14.097743,0.0531991770174174,184.80081,9.37103
1109066019991,55603.39367478,14.075623,0.0531439083899454,184.80083,9.37105
1109066019991,55603.40273331,14.060827,0.0530906944265601,184.80081,9.37105
1109066019991,55617.4764111457,14.015454,0.0538930556908165,184.80083,9.37105
1109066019991,55617.4845217015,14.004838,0.0538818145917869,184.80083,9.37104
1109066019991,55617.4926296179,14.007949,0.0538907594127734,184.80083,9.37105
1109066019991,55617.5007326966,14.006681,0.0539013861620661,184.80084,9.37105
1109066019991,55577.450582558,13.978186,0.0550976275530131,184.80082,9.37105
1109066019991,55577.4579235415,13.963802,0.0550560976017969,184.80081,9.37105
1109066019991,55577.4653168402,13.977889,0.0551274077044785,184.8008,9.37106
1109066019991,55577.4727834605,13.970948,0.0551587485023194,184.80084,9.37103
1109066019991,55624.3892969329,15.566758,0.0601764343218259,184.80079,9.37103
1109066019991,55624.4003598959,15.003293,0.0567826049941011,184.80082,9.37105
1109066019991,55624.4114916086,14.648928,0.0551964196360525,184.80082,9.37105
1109066019991,55624.4225600114,14.407446,0.0543022535633504,184.80082,9.37103
1109066019991,55631.3676553586,14.124682,0.0534116474380403,184.80083,9.37106
1109066019991,55631.3759114699,14.14701,0.0534853551536572,184.80082,9.37105
1109066019991,55631.3842309838,14.164227,0.0535298336142867,184.80082,9.37106
1109066019991,55631.3926323264,14.153085,0.0535090390854958,184.80082,9.37105
1109066019991,55644.2759630326,13.982704,0.0539952797035146,184.8008,9.37101
1109066019991,55644.2825448494,13.978728,0.0539862943657402,184.80081,9.37106
1109066019991,55644.2891765507,13.986385,0.0540226218070457,184.80081,9.37104
1109066019991,55644.295855023,13.976748,0.0539896016213534,184.80083,9.37104
1109066019991,55705.1433639121,14.016553,0.0541921378659236,184.80084,9.37107
1109066019991,55705.1524970257,14.043061,0.054294544235879,184.80085,9.37106
1109066019991,55705.1616931018,14.077647,0.0543929749085408,184.80085,9.37108
1109066019991,55705.1708158101,14.108702,0.054495236792568,184.80085,9.37107
1109066019991,53828.285661655,14.025185,0.0552895455415304,184.80082,9.37105
1109066019991,54483.4459555671,13.998809,0.0535669183366486,184.80082,9.37105
1109066019991,54483.452503345,13.997584,0.0535650937405648,184.8008,9.37105
1109066019991,54483.4590528589,13.995456,0.053542584441358,184.8008,9.37105
1109066019991,54483.4657120947,13.998297,0.0535518576482606,184.80084,9.37104
1109066019991,55299.2323205439,15.004706,0.0579418955796263,184.80083,9.37105
1109066019991,55299.2392612733,15.31735,0.0599465919978311,184.80079,9.37106
1109066019991,55299.2462684838,15.69866,0.0629717499943546,184.80079,9.37103
1109066019991,55299.2532172455,16.149002,0.0676342057557535,184.80074,9.37103
1109066019991,55267.5012012154,15.375404,0.0650814240897734,184.80085,9.37106
1109066019991,55267.5040054053,15.236832,0.0637696522940803,184.80084,9.3711
1109066019991,55267.5068318287,15.11506,0.0626974752146473,184.80082,9.37106
1109066019991,55267.5096649538,15.029284,0.0619811802505714,184.80082,9.37105
1109066019991,55565.4928079052,14.599972,0.0560635828877237,184.80081,9.37104
1109066019991,55565.500374896,14.80679,0.0570833911691044,184.80083,9.37104
1109066019991,55565.5079782871,15.108954,0.0588327727707078,184.80082,9.37106
1109066019991,55565.5155942822,15.483851,0.0622804229251042,184.8008,9.37101
1109066019991,53828.3339799191,14.09891,0.0569444503295127,184.80083,9.37107
1109066019991,53828.3555393173,14.007991,0.0542629261851473,184.80083,9.37102
1109066019991,53828.3577282061,14.122339,0.0565384370476581,184.8008,9.37103
1109066019991,53828.362308993,14.000682,0.0541830898958067,184.80083,9.37105
1109066019991,55892.5133475694,15.450786,0.0610439801691706,184.80082,9.37106
1109066019991,55892.5179843749,15.730404,0.0634653498486323,184.80082,9.37104
1109066019991,55892.5226612846,16.056,0.0668230619147235,184.80084,9.37111
1109066019991,55892.5273641781,15.944406,0.0655473476109859,184.80087,9.37108
1109066019991,55920.4557565162,14.040852,0.0539247284376748,184.80083,9.37108
1109066019991,55920.4649927663,14.042948,0.053915254524673,184.80083,9.37107
1109066019991,55920.474261655,14.061809,0.0539618208499666,184.80082,9.37108
1109066019991,55920.4834194905,14.121509,0.0541427500686373,184.80085,9.37107
1109066019991,55927.4846281479,14.008947,0.0537925254153708,184.80085,9.37108
1109066019991,55927.4938017707,14.022946,0.0538043953204633,184.80083,9.37107
1109066019991,55927.5031168405,14.030202,0.0538339702615706,184.80086,9.37108
1109066019991,55927.5123406136,14.048885,0.053885533119564,184.80085,9.37109
1109066019991,55959.4449003008,13.989912,0.0537087030268971,184.80084,9.37109
1109066019991,55959.4505544095,13.984688,0.053688592838157,184.80084,9.37108
1109066019991,55959.4562087501,13.995051,0.0536977257672957,184.80085,9.37106
1109066019991,55959.4619293981,13.985783,0.0536826681364996,184.80086,9.37109
1109066019991,55975.4680894562,13.992639,0.0538044504132405,184.80085,9.37106
1109066019991,55975.4753653705,13.987509,0.0537917666269069,184.80084,9.37105
1109066019991,55975.4826997803,13.993314,0.0538150323454112,184.80085,9.37106
1109066019991,55975.4899718054,14.000471,0.0538549939903528,184.80083,9.37106
1109066019991,55982.4403255209,13.985481,0.0537234694434609,184.80085,9.37107
1109066019991,55982.44596978,13.997496,0.0537580668483413,184.80085,9.37108
1109066019991,55982.4517066437,13.984685,0.0537318726326586,184.80086,9.37107
1109066019991,55982.4573303009,13.989603,0.0537401388749586,184.80085,9.37108
1109066019991,55988.3144172337,14.104808,0.0541432812772962,184.80083,9.37106
1109066019991,55988.3201045487,14.093226,0.0540905637655965,184.80082,9.37107
1109066019991,55988.3258012384,14.08149,0.0540468498770362,184.80084,9.37108
1109066019991,55988.3314976967,14.056961,0.0539759958867628,184.80084,9.37104
1109066019991,55999.3348212387,14.002545,0.0537851126717104,184.80086,9.37108
1109066019991,55999.3399313311,14.006866,0.0537807366501986,184.80085,9.3711
1109066019991,55999.3449586807,14.003188,0.0537785216352479,184.80085,9.37106
1109066019991,55999.3500021063,14.000442,0.0537810356792423,184.80085,9.37108
1109066019991,56007.3703939932,14.134056,0.0532661689455014,184.80085,9.37107
1109066019991,56007.3807088657,14.262814,0.0536484811899038,184.80085,9.37107
1109066019991,56007.3909737038,14.443127,0.05423162206339,184.80082,9.37107
1109066019991,56007.4013129513,14.680643,0.0551038565602567,184.80083,9.37107
1109066019991,56016.3390141898,14.091872,0.0541666711447114,184.80085,9.37108
1109066019991,56016.3459298378,14.073126,0.054105309201736,184.80086,9.37106
1109066019991,56016.3528823843,14.055738,0.0540553663514629,184.80084,9.37105
1109066019991,56016.3598400462,14.036465,0.0540002074475007,184.80086,9.37109
1109066019991,56029.2002891204,13.992871,0.0538561197800766,184.80083,9.37107
1109066019991,56029.20543544,13.963685,0.0553684339934822,184.80082,9.37106
1109066019991,56029.210536412,13.989668,0.0538416486474361,184.80084,9.37107
1109066019991,56029.2155713891,13.989853,0.0538454761622813,184.80085,9.37106
1109066019991,56035.2183812615,13.975177,0.0538178599505584,184.80086,9.37106
1109066019991,56035.2239266089,13.984536,0.0538430335454836,184.80085,9.37107
1109066019991,56035.229547523,13.981014,0.0538317301989747,184.80084,9.37108
1109066019991,56035.2351333331,13.977276,0.0538141644302585,184.80084,9.37107
1109066019991,56263.5260009258,14.046,0.0539796506187516,184.80084,9.37107
1109066019991,56263.5293893982,14.04325,0.0539665349842393,184.80084,9.37108
1109066019991,56263.5328511689,14.047432,0.0539729905871044,184.80084,9.37106
1109066019991,56263.5362335071,14.040563,0.0539458421030994,184.80083,9.37107
1109066019991,56301.4496607408,14.002064,0.0538021434697672,184.80084,9.37107
1109066019991,56301.4547922453,13.989593,0.0537653718222302,184.80087,9.37107
1109066019991,56301.4599007405,13.997228,0.0537827361721967,184.80085,9.37106
1109066019991,56301.4650290045,13.999551,0.0537701532910394,184.80084,9.37107
1109066019991,56311.4685065509,14.009386,0.0538893196407189,184.80085,9.37108
1109066019991,56311.473642014,13.99314,0.0538570273791788,184.80085,9.37107
1109066019991,56311.4787673843,14.016402,0.0539659199755566,184.80085,9.37107
1109066019991,56311.4839134836,14.018383,0.053967359070537,184.80084,9.37107
1109066019991,56339.3770501507,13.986533,0.0537211269783476,184.80084,9.37106
1109066019991,56339.3820821182,13.980731,0.0537177337508077,184.80085,9.37107
1109066019991,56339.387208553,13.986889,0.0537366626195981,184.80084,9.37108
1109066019991,56339.3922881945,13.983267,0.0537122774653146,184.80084,9.37106
1109066019991,56346.438783125,14.016316,0.0538287680329217,184.80087,9.37105
1109066019991,56346.445070243,14.027631,0.0538729804957503,184.80085,9.37107
1109066019991,56346.4512890973,14.030952,0.0538854972968342,184.80087,9.37107
1109066019991,56346.457593808,14.029656,0.0538975119418532,184.80087,9.37109
1109066019991,56356.3805436459,14.17247,0.0545123633616647,184.80085,9.37107
1109066019991,56356.385639919,14.174706,0.0545194535328548,184.80086,9.37106
1109066019991,56356.3907651738,14.173269,0.0549455406777567,184.80084,9.37107
1109066019991,56356.3958855672,14.155437,0.0547483238251975,184.80085,9.37106
1109066019991,56365.3000203933,14.387733,0.0540862030490009,184.80086,9.37106
1109066019991,56365.3074740855,14.267875,0.0537186226663117,184.80084,9.37108
1109066019991,56365.3150041088,14.168403,0.0534126270063286,184.80085,9.37107
1109066019991,56365.3225296064,14.101604,0.0532288760080869,184.80084,9.37107
1109066019991,56371.2336264006,13.974858,0.0557310233890087,184.80083,9.37107
1109066019991,56371.2369611804,14.015962,0.0562410731913643,184.80083,9.37107
1109066019991,56371.240396956,13.993005,0.0552778234004502,184.80082,9.37106
1109066019991,56371.2437623958,14.018348,0.0548223952829761,184.80083,9.37107
1109066019991,55949.370659132,14.015462,0.0538635188781734,184.80083,9.37107
1109066019991,55949.3807902201,14.023315,0.0538678783021268,184.80086,9.37108
1109066019991,55949.3910722453,14.030578,0.0538748754456052,184.80083,9.37107
1109066019991,55949.4012814816,14.029705,0.0538594445888028,184.80085,9.37108
1109066019991,56383.2404865855,13.997295,0.053884022121053,184.80083,9.37108
1109066019991,56383.2488983451,13.987348,0.0538440193905288,184.80087,9.37106
1109066019991,56383.2573724422,13.976515,0.0537981617251682,184.80086,9.37106
1109066019991,56383.2659070254,13.981536,0.0538131416791992,184.80086,9.37106
1109066019991,56397.204503993,14.003554,0.0539369860114623,184.80085,9.37107
1109066019991,56397.2118049539,13.998346,0.0539123012699523,184.80084,9.37107
1109066019991,56397.2191168056,13.994144,0.0539068055353854,184.80084,9.37107
1109066019991,56397.2263951851,13.983152,0.0538994805318849,184.80084,9.37108
1109066019991,56423.212164178,14.751384,0.0586220843964083,184.80083,9.37107
1109066019991,56423.2193887499,14.561189,0.0563375986506201,184.80089,9.37107
1109066019991,56423.2483825926,14.118598,0.0546647656863526,184.80087,9.37107
1109066019991,56423.2556659607,14.075455,0.0546952556863556,184.80084,9.37107
1109066019991,56444.1790248845,14.116423,0.0544406185595635,184.80084,9.37106
1109066019991,56444.1852151272,14.135604,0.0545104878640722,184.80085,9.37106
1109066019991,56444.1914426503,14.153931,0.0545843789341082,184.80087,9.37104
1109066019991,56444.1976504861,14.164925,0.0546348352117826,184.80084,9.3711
