1109065028988,53466.2632007175,15.027325,0.0579089642479784,183.12438,9.86715
1109065028988,53466.2707218058,14.987169,0.0576702767268933,183.12438,9.86714
1109065028988,53466.2782609491,14.920083,0.0573122671403026,183.12442,9.86716
1109065028988,53466.2858106364,14.855363,0.0569814538481432,183.12443,9.86713
1109065028988,53705.481591065,14.548903,0.0563331750058647,183.12441,9.86716
1109065028988,53705.4882669794,14.552942,0.0561966593528374,183.12438,9.86711
1109065028988,53705.4950349075,14.590713,0.0562833927526922,183.12439,9.86715
1109065028988,53705.5019248379,14.622697,0.0564068580187258,183.12439,9.86717
1109065028988,53731.4833143866,14.746802,0.0567195706797599,183.12439,9.86717
1109065028988,53731.4914057525,14.675491,0.0564981204890577,183.12439,9.86714
1109065028988,53731.4994650693,14.653051,0.0565003983378545,183.12441,9.86713
1109065028988,53731.5075290161,14.610917,0.0560921342452485,183.12437,9.86717
1109065028988,53553.1613281597,14.531237,0.056350425566373,183.12441,9.86714
1109065028988,53553.1677581021,14.538761,0.0564457711975902,183.12441,9.86715
1109065028988,53553.1742326156,14.563931,0.0566034137744553,183.12439,9.86715
1109065028988,53553.1806503008,14.591678,0.0567878816883308,183.12439,9.86714
1109065028988,53528.1918311226,14.523948,0.0558364701612944,183.12441,9.86716
1109065028988,53528.1993165743,14.506525,0.0557705999348977,183.1244,9.86715
1109065028988,53528.2068118518,14.493377,0.0557489649054894,183.12439,9.86715
1109065028988,53528.2142846761,14.514255,0.055873046967465,183.12439,9.86717
1109065028988,53499.1880700579,14.562922,0.0558159117533746,183.12443,9.86714
1109065028988,53499.193443472,14.540497,0.0557131502515609,183.12443,9.86715
1109065028988,53499.1987805441,14.536503,0.0557001946981058,183.12441,9.86709
1109065028988,53499.2041159952,14.526962,0.0556665539222787,183.12442,9.86714
1109065028988,53520.2298853239,14.719275,0.0583074126830478,183.12443,9.86716
1109065028988,53520.2363614468,14.677842,0.0569119392754395,183.1244,9.86714
1109065028988,53520.2427654746,14.642843,0.0569172468719256,183.12439,9.86714
1109065028988,53520.2492097803,14.604244,0.0565638851043714,183.12439,9.86717
1109065028988,53828.2364761112,14.674305,0.0613964894658421,183.12438,9.86714
1109065028988,53828.2390353819,14.710359,0.0607184238840685,183.1244,9.86713
1109065028988,53828.2416137499,14.749391,0.0599277937892253,183.12441,9.86715
1109065028988,53828.2442079745,14.742557,0.0634381710683884,183.12436,9.86714
1109065028988,53843.2674753242,14.524971,0.0562678339776086,183.12441,9.86715
1109065028988,53843.2755772336,14.548959,0.0563927837624528,183.12438,9.86715
1109065028988,53843.2836765973,14.532273,0.0563000189273411,183.1244,9.86709
1109065028988,53843.2917337036,14.586306,0.056567774300444,183.12439,9.86715
1109065028988,54084.478851412,14.538162,0.0554948472186514,183.12437,9.86716
1109065028988,54084.4842542247,14.54191,0.0554945258096905,183.12437,9.86715
1109065028988,54084.4896116667,14.547521,0.0555028303525403,183.12439,9.86717
1109065028988,54084.4949728125,14.57611,0.0555999503479537,183.12436,9.86716
1109065028988,54095.4404616896,14.632077,0.0559572930714919,183.12437,9.86716
1109065028988,54095.4523802199,14.592488,0.0557155041143838,183.12439,9.86716
1109065028988,54095.4643049999,14.545956,0.0554786674504577,183.12438,9.86716
1109065028988,54095.476184641,14.523765,0.0553889859886063,183.12438,9.86717
1109065028988,53772.4459552779,14.830851,0.0571303422758388,183.12438,9.86716
1109065028988,53772.4535152661,14.772435,0.0568437284082614,183.1244,9.86714
1109065028988,53772.4611303355,14.688883,0.0564299326258681,183.1244,9.86714
1109065028988,53772.4687213427,14.648339,0.0562395392677884,183.1244,9.86716
1109065028988,53774.4289860763,14.536783,0.055862235542976,183.12439,9.86714
1109065028988,53774.4364652662,14.512002,0.0557472563369078,183.12441,9.86718
1109065028988,53774.4439522224,14.495512,0.0557529895880958,183.12439,9.86715
1109065028988,53774.4515064121,14.511039,0.0559590744883828,183.1244,9.86715
1109065028988,53789.3739614813,14.632787,0.0747422880677676,183.12441,9.8671
1109065028988,53789.3797048265,14.802053,0.0994656784934605,183.12425,9.86719
1109065028988,53743.4330576854,15.016985,0.0584201450017906,183.12439,9.86719
1109065028988,53743.4394188887,14.997223,0.0582786734113076,183.12438,9.86717
1109065028988,53743.4457820486,14.941499,0.0579411507986834,183.1244,9.86715
1109065028988,53743.4521456715,14.876117,0.0575629472471178,183.12441,9.86716
1109065028988,53758.4027865972,14.508227,0.0557421060651415,183.12437,9.86717
1109065028988,53758.4086543634,14.5149,0.0557532487424732,183.1244,9.86717
1109065028988,53758.4146442479,14.519681,0.0557673150599478,183.1244,9.86717
1109065028988,53758.420612141,14.523735,0.0557597495925539,183.12438,9.86716
1109065028988,53765.4439632753,14.873368,0.0575837221041524,183.12439,9.86713
1109065028988,53765.4504890624,14.938693,0.0579800734362228,183.12436,9.86712
1109065028988,53765.4570066319,15.001761,0.0583252721197486,183.12437,9.86716
1109065028988,53765.4636187614,15.021861,0.0584334790210118,183.12438,9.86716
1109065028988,53905.2145601273,15.005432,0.0860000256861587,183.12432,9.86717
1109065028988,53905.215531933,14.981994,0.0853790675837587,183.12439,9.86714
1109065028988,53905.2164948265,14.989757,0.0855177048775025,183.12447,9.86723
1109065028988,53905.2174574886,14.955063,0.0846992277886893,183.12444,9.86724
1109065028988,53797.3431980209,14.989605,0.0585435668322451,183.12441,9.86714
1109065028988,53797.3510474768,15.027479,0.0589850319635309,183.12441,9.86715
1109065028988,53797.3585183332,15.029892,0.0586871611186732,183.12442,9.86715
1109065028988,53797.3662238079,14.95414,0.058217406643074,183.12438,9.86716
1109065028988,53816.4410417128,14.673087,0.0592567138217696,183.1244,9.86716
1109065028988,53816.4461023842,14.701073,0.0595082113951702,183.12443,9.86716
1109065028988,53816.4512233563,14.724426,0.0596799282353786,183.12439,9.86715
1109065028988,53816.4563385417,14.772728,0.0600825271169114,183.12443,9.86714
1109065028988,53857.2519962038,14.942418,0.0588041532678674,183.12438,9.86715
1109065028988,53857.2568588308,14.992168,0.059241933853542,183.12439,9.86715
1109065028988,53857.2617300116,15.016532,0.0600304209697384,183.12437,9.86714
1109065028988,53857.2666080324,15.05589,0.0601315898484358,183.12437,9.86714
1109065028988,53876.2137110531,15.043911,0.0592685929499989,183.1244,9.86717
1109065028988,53876.2212916319,15.013712,0.0590508376622724,183.12439,9.86714
1109065028988,53876.2288460648,14.918702,0.0584942494380497,183.12439,9.86714
1109065028988,53876.2364163427,14.84548,0.0580949051242376,183.12442,9.86716
1109065028988,54201.2826654743,14.988432,0.058097897323063,183.12437,9.86709
1109065028988,54201.292124514,15.039967,0.0584788295957504,183.12439,9.86713
1109065028988,54201.3015737035,15.055808,0.0585875519335081,183.12439,9.86715
1109065028988,54201.3110408448,15.00056,0.0582570780478369,183.12438,9.86714
1109065028988,54212.2201919444,14.532667,0.0556081988768902,183.12437,9.86715
1109065028988,54212.2294609258,14.536768,0.055608988402659,183.12437,9.86715
1109065028988,54212.2387818056,14.549311,0.0556556332044864,183.12439,9.86715
1109065028988,54212.2480652086,14.580511,0.0558155586014374,183.12438,9.86715
1109065028988,54450.4456874998,15.018378,0.0579463200993592,183.12437,9.86715
1109065028988,54450.4523535762,14.964332,0.0576054396267902,183.12437,9.86718
1109065028988,54450.459069653,14.868467,0.0570648372697915,183.12435,9.86717
1109065028988,54450.4657374653,14.809269,0.0567474519700109,183.12438,9.86715
1109065028988,54146.4347705091,14.831095,0.0575819383327321,183.12439,9.86714
1109065028988,54146.4407167593,14.757307,0.0571637496612386,183.1244,9.86714
1109065028988,54146.4466723725,14.726198,0.0569538021871974,183.12441,9.86714
1109065028988,54146.4526344794,14.69764,0.056799063032828,183.12439,9.86712
1109065028988,54159.4223828008,14.581627,0.0557968263262726,183.12437,9.86719
1109065028988,54159.4303664118,14.544195,0.0554781635801625,183.12437,9.86716
1109065028988,54159.4382934258,14.54379,0.0555926749645545,183.12437,9.86716
1109065028988,54159.4461562038,14.537407,0.0555633483277321,183.12436,9.86714
1109065028988,54127.363910104,14.518831,0.0561035623654924,183.1244,9.86715
1109065028988,54127.3743123495,14.524682,0.0561162294532008,183.1244,9.86715
1109065028988,54127.3834372339,14.531582,0.0561387452384072,183.12439,9.86714
1109065028988,54127.3925290046,14.545152,0.0561797232018966,183.1244,9.86716
1109065028988,54265.1985299769,14.550761,0.0564180188168182,183.12441,9.86718
1109065028988,54265.2066852432,14.601341,0.056690554123804,183.12438,9.86713
1109065028988,54265.2148514004,14.597627,0.0567169872670464,183.12437,9.86719
1109065028988,54265.2230106019,14.640468,0.0570018307062374,183.1244,9.86714
1109065028988,54168.3862908795,14.644907,0.0559332905820246,183.12435,9.86717
1109065028988,54168.3901841319,14.641922,0.0559437710640976,183.12436,9.86714
1109065028988,54168.3941200925,14.684999,0.0561604570049052,183.12438,9.8672
1109065028988,54168.3980590627,14.702636,0.0562336708698197,183.12439,9.86716
1109065028988,54174.3796512964,14.616137,0.0558007287476465,183.12438,9.86715
1109065028988,54174.3891482987,14.647631,0.0559431244212879,183.1244,9.86716
1109065028988,54174.3986539813,14.752429,0.0564211555212158,183.12439,9.86713
1109065028988,54174.4081396298,14.845625,0.0569133113194937,183.12437,9.86717
1109065028988,54179.3211243404,14.594228,0.0558268934860116,183.12438,9.86715
1109065028988,54179.3288409258,14.562786,0.0556873529248868,183.12438,9.86715
1109065028988,54179.3357096645,14.536191,0.0555874655694973,183.12437,9.86716
1109065028988,54179.3425936923,14.515154,0.0554814094816809,183.12437,9.86717
1109065028988,54233.2570544211,14.570382,0.0562583350041996,183.1244,9.86718
1109065028988,54233.2640553471,14.551652,0.0561285758685641,183.12438,9.86714
1109065028988,54233.2710857987,14.536353,0.0560826448118542,183.12438,9.86716
1109065028988,54233.278105706,14.52507,0.0560479435100328,183.12442,9.86715
1109065028988,54242.1899066204,14.530455,0.0560613599418901,183.1244,9.86716
1109065028988,54242.197219016,14.544701,0.0559490342783707,183.12439,9.86716
1109065028988,54242.2044560649,14.570095,0.0562740045415502,183.1244,9.86716
1109065028988,54242.2116947337,14.607293,0.0563958066926865,183.1244,9.86715
1109065028988,54562.3560701041,14.920285,0.057842043913553,183.12438,9.86715
1109065028988,54562.3612325117,14.850985,0.0574723309741953,183.12437,9.86715
1109065028988,54562.3663921412,14.803777,0.0572397844899952,183.12441,9.86716
1109065028988,54562.371552581,14.758199,0.0570352844697636,183.12439,9.86714
1109065028988,54568.2739789118,14.596804,0.0557600644108685,183.12438,9.86715
1109065028988,54568.2847300349,14.656863,0.0560547442362172,183.12438,9.86715
1109065028988,54568.295492257,14.760593,0.056537575711755,183.12435,9.8672
1109065028988,54568.3061956829,14.845628,0.0569849061744118,183.12437,9.86719
1109065028988,54822.5334012614,14.723737,0.0573689655071684,183.12436,9.86717
1109065028988,54822.53952147,14.674136,0.0570877294723509,183.12437,9.86717
1109065028988,54822.545582766,14.682762,0.0571196072355449,183.12435,9.86716
1109065028988,54822.551671956,14.659033,0.0569875596681997,183.12437,9.86716
1109065028988,54502.406037766,14.983198,0.0575448779279562,183.12436,9.86719
1109065028988,54502.4144542706,15.066684,0.0579821903807034,183.12438,9.86715
1109065028988,54502.4228765625,15.08973,0.0581197234765092,183.12436,9.86718
1109065028988,54502.431288206,15.062338,0.057985140563319,183.12436,9.86716
1109065028988,54523.4252080438,14.591296,0.0556111055066563,183.12438,9.86716
1109065028988,54523.4351144442,14.642087,0.0558445457862503,183.12437,9.86716
1109065028988,54523.445007639,14.685356,0.0560394910443255,183.12437,9.86719
1109065028988,54523.4549496877,14.759636,0.0564052770244065,183.12438,9.86718
1109065028988,54476.4327514581,14.531653,0.0554243231382755,183.12438,9.86716
1109065028988,54476.4419509838,14.541576,0.0554554039498887,183.12438,9.86716
1109065028988,54476.4504309143,14.555142,0.0554924696495664,183.12439,9.86716
1109065028988,54476.4588496294,14.597006,0.0556558303906324,183.12437,9.86717
1109065028988,54483.4410093636,14.704827,0.0561193959036313,183.12437,9.86716
1109065028988,54496.3910883335,14.69902,0.0561164791469429,183.12437,9.86715
1109065028988,54496.3954611225,14.736074,0.0562667551867153,183.12437,9.86718
1109065028988,54496.3998014932,14.77099,0.0564265690783353,183.12436,9.86716
1109065028988,54496.4041675692,14.828038,0.0566919749065139,183.12437,9.86715
1109065028988,54625.2090734956,14.637415,0.0562733086677081,183.12438,9.86715
1109065028988,54625.2162493169,14.595273,0.0560776167507429,183.12435,9.86715
1109065028988,54625.2234775694,14.572607,0.0560147970043985,183.12437,9.86716
1109065028988,54625.2306750347,14.560715,0.0560055647676792,183.12438,9.86716
1109065028988,54532.2756620371,14.544253,0.0530512622394668,183.12437,9.86716
1109065028988,54532.2881223727,14.547256,0.0530667910558908,183.12438,9.86715
1109065028988,54532.3005863079,14.562429,0.0530987302294545,183.12438,9.86718
1109065028988,54532.3130954863,14.597627,0.0532529582475675,183.12437,9.86717
1109065028988,54535.2747851387,15.053697,0.0581296808642192,183.12436,9.86717
1109065028988,54535.2769309608,15.041187,0.058074942826597,183.12436,9.86719
1109065028988,54535.2790796761,15.06995,0.0582012909253565,183.12429,9.86721
1109065028988,54535.281226771,15.050358,0.0581011348218336,183.12438,9.86716
1109065028988,54554.2631528471,14.683375,0.0562191432488923,183.12436,9.86716
1109065028988,54554.2701612962,14.647878,0.0560593743335834,183.12437,9.86715
1109065028988,54554.2771893172,14.630196,0.0559593529141907,183.12437,9.86715
1109065028988,54554.2842023959,14.587955,0.0557615209082478,183.12438,9.86716
1109065028988,54587.1528381715,14.576501,0.0557530368167647,183.12434,9.86717
1109065028988,54587.1582471179,14.557935,0.0556650553283154,183.12437,9.86717
1109065028988,54587.1636258564,14.553902,0.05564659858435,183.12437,9.86719
1109065028988,54587.1689963774,14.533792,0.055528731573381,183.12439,9.86714
1109065028988,54948.2977713076,15.012155,0.0581568006126599,183.12437,9.86716
1109065028988,54948.3042525463,15.026644,0.0582613331084188,183.12439,9.86712
1109065028988,54948.310892697,15.057248,0.0584715616179068,183.12438,9.86715
1109065028988,54948.3175513772,15.071811,0.0586001597084381,183.12435,9.86715
1109065028988,54863.4710608102,15.041812,0.0577642960448733,183.12438,9.86716
1109065028988,54863.4765454629,14.980399,0.0574433772050779,183.12438,9.86716
1109065028988,54863.4819642478,14.919868,0.0571307117864958,183.12436,9.86716
1109065028988,54863.4874230786,14.871086,0.056851448219304,183.12437,9.86716
1109065028988,54877.4721414003,14.519017,0.0566317640913971,183.12434,9.86714
1109065028988,54877.4775542825,14.532651,0.0568243805304834,183.12435,9.86716
1109065028988,54877.5009557985,14.592529,0.0573850954243056,183.12434,9.8672
1109065028988,54877.5080863659,14.598083,0.0576354499857099,183.12439,9.86717
1109065028988,54856.4195623035,14.563433,0.0553790249822015,183.12436,9.86715
1109065028988,54856.4287364814,14.5713,0.055411651334311,183.12436,9.86716
1109065028988,54856.4379974767,14.596159,0.0555201807590487,183.12435,9.86713
1109065028988,54856.4471625229,14.642721,0.0556871534663076,183.12437,9.86716
1109065028988,54905.3194311806,14.57635,0.0556919264589571,183.12433,9.86716
1109065028988,54905.324886655,14.565363,0.0556616199386939,183.12435,9.86712
1109065028988,54905.3303085766,14.573908,0.0556914810020095,183.12437,9.86713
1109065028988,54905.3356759721,14.584815,0.0557555110034236,183.12435,9.86715
1109065028988,54911.3260494213,14.597006,0.0545094810408388,183.12437,9.86718
1109065028988,54911.3343735648,14.622832,0.0545883496176885,183.12437,9.86717
1109065028988,54911.3428271067,14.663037,0.0547233431452417,183.12436,9.86715
1109065028988,54911.3512182639,14.717431,0.0549420092765487,183.12434,9.86716
1109065028988,54918.2271746527,14.570821,0.0557474289522681,183.12434,9.86715
1109065028988,54918.2319699307,14.57785,0.0557547409595401,183.12436,9.86715
1109065028988,54918.2368599884,14.549498,0.0556183482818145,183.1244,9.86714
1109065028988,54918.2417139467,14.542217,0.0555906314070434,183.12436,9.86716
1109065028988,54968.1748893289,14.714485,0.0568905542089558,183.12438,9.86713
1109065028988,54968.1821936457,14.741735,0.0570407469362782,183.12439,9.86712
1109065028988,54968.1895457637,14.851061,0.0575926126607582,183.12435,9.86717
1109065028988,54968.1968183448,14.909951,0.057965008105233,183.12436,9.86716
1109065028988,55290.209443287,15.121563,0.0587855529655353,183.12439,9.86716
1109065028988,55290.2163771992,15.119845,0.0587679407554162,183.12442,9.86716
1109065028988,55290.2233187617,15.098065,0.0586247174170933,183.12439,9.86716
1109065028988,55290.2302393867,15.019871,0.0581338117258033,183.12438,9.86717
1109065028988,55299.2123168286,14.550545,0.0633441107257567,183.12433,9.86713
1109065028988,55299.2164005901,14.572494,0.0635419761836537,183.12436,9.86714
1109065028988,55299.2204239004,14.591277,0.0637005110313171,183.12435,9.86713
1109065028988,55299.2245222571,14.580755,0.0635509274679771,183.12436,9.86714
1109065028988,55536.4818336689,14.90985,0.0603053550577798,183.12431,9.86717
1109065028988,55536.4934637733,14.826126,0.0611805717303046,183.12434,9.86718
1109065028988,55349.1509568055,14.981746,0.0552590462843401,183.12433,9.86715
1109065028988,55349.1589450694,15.040098,0.055459876907504,183.12434,9.86714
1109065028988,55349.1670194559,15.076014,0.0556323127799627,183.12438,9.86716
1109065028988,55349.1750119791,14.899039,0.0580309467011417,183.12423,9.86714
1109065028988,55260.4042166551,14.664526,0.0561578337409298,183.1244,9.86715
1109065028988,55260.4093031366,14.733881,0.0564924280723669,183.12441,9.86714
1109065028988,55260.4144357988,14.774182,0.0567035485927035,183.1244,9.86718
1109065028988,55260.4195539006,14.816751,0.0569551220947847,183.12442,9.86717
1109065028988,55267.4467309606,14.767862,0.0568545390964857,183.12439,9.86717
1109065028988,55267.4525835877,14.722539,0.0566425355350342,183.12442,9.86716
1109065028988,55267.4584035534,14.697214,0.0565571629861117,183.12441,9.86717
1109065028988,55267.4642834142,14.662755,0.0564014596977881,183.12441,9.86717
1109065028988,55275.3868244444,14.669144,0.0561983363879503,183.12442,9.86716
1109065028988,55275.3931479049,14.633735,0.0560446795862812,183.12443,9.86714
1109065028988,55275.3995151506,14.628915,0.0560267892706962,183.12442,9.86718
1109065028988,55275.4059393057,14.609581,0.0559505579678808,183.12441,9.86716
1109065028988,55324.2238269327,15.099124,0.0585605397418716,183.12432,9.86716
1109065028988,55324.2312214929,15.140265,0.0588270916391686,183.12434,9.86716
1109065028988,55324.2387735997,15.13255,0.0587922011482976,183.12434,9.86712
1109065028988,55324.2462653355,15.06972,0.0583833803559237,183.12433,9.86714
1109065028988,55336.228362361,15.100568,0.0586706883522854,183.12435,9.86711
1109065028988,55336.2363801966,15.016164,0.0581648300241079,183.12435,9.86714
1109065028988,55336.2444676966,14.903223,0.0575265277128069,183.12434,9.86713
1109065028988,55336.2525292127,14.818628,0.0570831359553633,183.12434,9.86713
1109065028988,55655.3113728937,15.088085,0.0570801256240479,183.12434,9.86717
1109065028988,55655.318297095,15.076499,0.0570458947469637,183.12435,9.86716
1109065028988,55655.3252047453,15.055311,0.0569106713462885,183.12435,9.86718
1109065028988,55655.3321403934,14.985961,0.0565605791046316,183.12438,9.86713
1109065028988,55663.1672732872,14.617933,0.0565136430427408,183.12432,9.86715
1109065028988,55663.1724147452,14.652334,0.0566973842438874,183.12434,9.86716
1109065028988,55663.1776261344,14.67586,0.0567674761790622,183.12433,9.86716
1109065028988,55663.1827586806,14.69509,0.0568678415045453,183.12435,9.86716
1109065028988,55674.1553847222,14.560404,0.0612763815130104,183.12434,9.86715
1109065028988,55674.1632689238,14.663684,0.065154881221478,183.12437,9.86713
1109065028988,55674.1711909953,14.559441,0.0596276109061168,183.12432,9.86717
1109065028988,55674.1791723147,14.579062,0.0574772345432019,183.12433,9.86715
1109065028988,55601.4191635186,14.884239,0.0575971508896806,183.12436,9.86718
1109065028988,55601.4243471064,14.82979,0.0573048285283643,183.12436,9.86715
1109065028988,55601.4295395603,14.780626,0.0570184615243063,183.12436,9.86712
1109065028988,55601.434774884,14.7415,0.0568261313345872,183.12434,9.86715
1109065028988,55617.4746840857,14.755089,0.0568463034566209,183.12435,9.86718
1109065028988,55617.4827818056,14.689897,0.0565111013500007,183.12435,9.86715
1109065028988,55617.4908788311,14.681239,0.056481406845881,183.12435,9.86716
1109065028988,55617.4989827084,14.653336,0.0563861023097611,183.12437,9.86717
1109065028988,55563.4388626968,14.608409,0.0561275105245416,183.12432,9.86715
1109065028988,55563.4464093633,14.632043,0.0562141628261468,183.12436,9.86715
1109065028988,55563.4539927663,14.671855,0.0563863462486451,183.12432,9.86716
1109065028988,55563.4616645603,14.70382,0.0565252289598094,183.12433,9.86715
1109065028988,55591.39659853,14.692351,0.0564938425942439,183.12435,9.86716
1109065028988,55591.4017575928,14.656195,0.0563031026730509,183.12435,9.86712
1109065028988,55591.40698853,14.645558,0.056249500572199,183.12435,9.86716
1109065028988,55591.4122220138,14.620665,0.0561307609095294,183.12434,9.86716
1109065028988,55624.3899785647,15.072022,0.0570715226285398,183.12438,9.86719
1109065028988,55624.4010616665,15.053092,0.0569862856320932,183.12436,9.86718
1109065028988,55624.4121586572,14.929181,0.0563639078000332,183.12437,9.86716
1109065028988,55624.4232540278,14.822887,0.0558807842955114,183.12436,9.86717
1109065028988,55644.2765406016,14.967013,0.0583342334153749,183.12436,9.86715
1109065028988,55644.2831188426,15.06007,0.0589284547271414,183.12435,9.86716
1109065028988,55644.2897503008,15.097175,0.0591799232946047,183.12435,9.86716
1109065028988,55644.2964257756,15.105916,0.0592295488246796,183.12433,9.86715
1109065028988,55705.1416227315,14.7003,0.0569912071042874,183.12441,9.86714
1109065028988,55705.1507726275,14.824353,0.0576604289512219,183.1244,9.86714
1109065028988,55705.1599817942,14.898902,0.0581107670824493,183.12439,9.86716
1109065028988,55705.1690899073,15.012567,0.0587348152794148,183.12439,9.86717
1109065028988,53828.279975845,14.999614,0.0622710263583084,183.12441,9.86712
1109065028988,53828.3079091781,14.750914,0.0575616903987846,183.12441,9.86714
1109065028988,54483.4454249768,14.72661,0.0562447296049556,183.12439,9.86718
1109065028988,54483.4519400001,14.812726,0.0566469162267458,183.12436,9.86718
1109065028988,54483.4585111691,14.873657,0.0569499508957062,183.12436,9.86717
1109065028988,54483.4651509607,14.926236,0.0572281756879684,183.12439,9.86716
1109065028988,55299.2317686575,14.597058,0.0558274256848005,183.12435,9.86713
1109065028988,55299.2386783795,14.621019,0.0559507178148583,183.12435,9.86712
1109065028988,55299.2456799191,14.652705,0.0560694286899498,183.12436,9.86715
1109065028988,55299.2526331944,14.686483,0.0562472258782236,183.12435,9.86713
1109065028988,53828.3330735071,14.614002,0.0570327474627821,183.12442,9.86713
1109065028988,53828.3480722802,14.541695,0.0568398923613505,183.12441,9.86715
1109065028988,53828.3571887151,14.519529,0.0572524415968478,183.1244,9.8671
1109065028988,53828.3617797918,14.53857,0.0564519059745799,183.12439,9.86715
1109065028988,55892.4910403937,14.992991,0.0579810141509192,183.12442,9.86713
1109065028988,55892.4962053588,14.92253,0.057573578517309,183.12438,9.86715
1109065028988,55892.5014638775,14.860984,0.0572206400270124,183.12442,9.86714
1109065028988,55892.5066946875,14.821918,0.0569884326561419,183.12437,9.86716
1109065028988,55920.4563346645,14.752587,0.0566979559811223,183.12443,9.86713
1109065028988,55920.4655710301,14.83655,0.0570897850049595,183.12441,9.86716
1109065028988,55920.4748430438,14.912333,0.0574754220383993,183.1244,9.86715
1109065028988,55920.4839915047,14.991653,0.0579195126242326,183.12437,9.86716
1109065028988,55927.4851669446,14.799403,0.0568923416104785,183.12443,9.86714
1109065028988,55927.4943801505,14.729959,0.0565168588887834,183.1244,9.86716
1109065028988,55927.5036912849,14.685135,0.0562719838324009,183.12441,9.86714
1109065028988,55927.5129243173,14.615899,0.0559743405862959,183.12438,9.86716
1109065028988,55959.445439097,14.553213,0.0557110385296004,183.12441,9.86714
1109065028988,55959.4510966898,14.577371,0.0558019668856166,183.12439,9.86717
1109065028988,55959.4567798381,14.588825,0.0558472968299334,183.1244,9.86715
1109065028988,55959.4624993401,14.600397,0.0559144804723168,183.12439,9.86715
1109065028988,55975.4432713771,14.65279,0.0562903988525409,183.12437,9.86717
1109065028988,55975.4507025345,14.634424,0.0562145501813736,183.12439,9.86718
1109065028988,55975.4580613542,14.611003,0.0561072306531713,183.12439,9.86717
1109065028988,55975.465495104,14.601843,0.0560682359814413,183.12439,9.86716
1109065028988,55982.3446350116,15.06422,0.0583608083528134,183.12439,9.86716
1109065028988,55982.3496881598,15.040436,0.0582221191888237,183.12439,9.86717
1109065028988,55982.3547803355,14.978346,0.05785994904526,183.1244,9.86715
1109065028988,55982.3598912386,14.920295,0.0575236394155028,183.12442,9.86714
1109065028988,55989.251509699,14.690021,0.0565686747672536,183.12439,9.86715
1109065028988,55989.2565900465,14.738506,0.0567942568936401,183.1244,9.86719
1109065028988,55989.2617458683,14.756816,0.0568953224986632,183.1244,9.86716
1109065028988,55989.2668436919,14.80145,0.0570908075412057,183.1244,9.86714
1109065028988,55999.3342560534,14.990539,0.0579900261281946,183.12438,9.86717
1109065028988,55999.3393648728,15.025227,0.0581662303153801,183.1244,9.86717
1109065028988,55999.3443871294,15.037133,0.0582545645758296,183.12438,9.86715
1109065028988,55999.3494359837,15.050276,0.0583113991586548,183.12442,9.86716
1109065028988,56007.3710757409,14.550839,0.0545377249429957,183.12441,9.86715
1109065028988,56007.3813689699,14.541008,0.0545238678628902,183.12439,9.86715
1109065028988,56007.3916835765,14.570742,0.0546331550928119,183.1244,9.86717
1109065028988,56007.4020240971,14.59777,0.0547484778130967,183.12441,9.86717
1109065028988,56016.339576609,14.948382,0.0579054754494215,183.1244,9.86715
1109065028988,56016.3464930556,15.010274,0.0583006468397797,183.12439,9.86713
1109065028988,56016.3534591436,15.057351,0.0585841172258861,183.12437,9.86714
1109065028988,56016.3603819674,15.040277,0.0584851619903304,183.12441,9.86715
1109065028988,56029.1997311111,14.558549,0.0559319688404719,183.12442,9.86715
1109065028988,56029.2048503473,14.564292,0.0570500519156049,183.12437,9.86718
1109065028988,56029.2099692593,14.561794,0.0559462080310307,183.12438,9.86717
1109065028988,56029.2150093173,14.563287,0.055961786330081,183.1244,9.86716
1109065028988,56035.2178175696,14.600532,0.0561246482117167,183.12439,9.86714
1109065028988,56035.2233610763,14.629395,0.0562501625140807,183.12439,9.86717
1109065028988,56035.2289725812,14.635966,0.0562876021988645,183.12439,9.86715
1109065028988,56035.2345575001,14.655459,0.0563800295819182,183.1244,9.86717
1109065028988,56251.5028671646,14.593991,0.056065387244168,183.12437,9.86718
1109065028988,56251.5079662614,14.587401,0.0560244211908383,183.12442,9.86714
1109065028988,56251.5130677777,14.596694,0.056018768589035,183.12433,9.86717
1109065028988,56251.5182357524,14.618254,0.0561066707280625,183.12437,9.86715
1109065028988,56263.4941298263,14.594,0.0562458379532344,183.12435,9.86717
1109065028988,56263.4992342475,14.61865,0.0564920848011408,183.12437,9.86717
1109065028988,56263.5043528127,14.628478,0.0569958406964833,183.12437,9.86717
1109065028988,56263.5126146991,14.669032,0.0564902976456566,183.12438,9.86716
1109065028988,56300.4142151275,14.58845,0.0561364823769255,183.12436,9.8672
1109065028988,56300.4187653703,14.608768,0.0562024551392209,183.12438,9.86718
1109065028988,56300.423308773,14.621272,0.0562681623823898,183.12435,9.86717
1109065028988,56300.4278228474,14.651609,0.0563836346713049,183.12436,9.86717
1109065028988,56311.4679402085,14.821877,0.0571970906511665,183.12439,9.86715
1109065028988,56311.4730694098,14.875429,0.0575042864847019,183.1244,9.86715
1109065028988,56311.4781960533,14.929557,0.0579031874081131,183.12437,9.86716
1109065028988,56311.4833345255,14.998254,0.058282918765449,183.12438,9.86717
1109065028988,56330.5113041205,14.553937,0.0559113147620044,183.1244,9.86717
1109065028988,56330.5169986109,14.535703,0.0558500264286847,183.12438,9.86716
1109065028988,56330.5226712502,14.521608,0.0558001061408142,183.12438,9.86716
1109065028988,56330.5283570718,14.518136,0.0558015755399476,183.12439,9.86714
1109065028988,56339.3764860071,14.61764,0.0560556609345191,183.12437,9.86716
1109065028988,56339.3815099769,14.611091,0.0560072216779805,183.12437,9.86717
1109065028988,56339.386637222,14.583381,0.0558970661305093,183.12438,9.86716
1109065028988,56339.3917196528,14.565842,0.0558047568828396,183.12437,9.86713
1109065028988,56354.4474908216,14.679202,0.0564019305204417,183.12438,9.86717
1109065028988,56354.4525419097,14.63229,0.0562475429278777,183.12439,9.86718
1109065028988,56354.4576848727,14.612547,0.0561618600508816,183.12439,9.86716
1109065028988,56354.4649753007,14.592192,0.0560357077631429,183.12438,9.86718
1109065028988,56365.2979651968,14.547125,0.0545917257942573,183.12435,9.86719
1109065028988,56365.3054341668,14.534688,0.0545417520167372,183.12437,9.86718
1109065028988,56365.312971956,14.533039,0.0545374242976892,183.12438,9.86716
1109065028988,56365.3204848262,14.526241,0.0545107658677763,183.12437,9.86717
1109065028988,56371.2158576041,14.995475,0.0617993358704266,183.12436,9.86717
1109065028988,56371.2197182062,15.007298,0.0624212213156032,183.12437,9.86718
1109065028988,56371.2236759258,14.978757,0.061747957687423,183.1244,9.86719
1109065028988,56371.2276260071,14.924257,0.0605965534971829,183.12435,9.86714
1109065028988,55949.3712262963,14.592995,0.0559808598596649,183.12439,9.86717
1109065028988,55949.3813628242,14.579814,0.0559061619841341,183.1244,9.86717
1109065028988,55949.3916363888,14.582594,0.0558857266309358,183.12438,9.86717
1109065028988,55949.4018546529,14.584567,0.0558894739663189,183.12438,9.86717
1109065028988,56388.2763895372,14.611048,0.0549540940596611,183.12437,9.86719
1109065028988,56388.2856759027,14.577745,0.0548370610396093,183.12438,9.86717
1109065028988,56388.2950410995,14.548153,0.0547482495327642,183.12438,9.86716
1109065028988,56388.3042953241,14.529163,0.054664540173184,183.12438,9.86718
1109065028988,56393.2455108566,15.011412,0.0582272228209086,183.12439,9.86717
1109065028988,56393.2505765627,15.01699,0.0582258338076636,183.12438,9.8672
1109065028988,56393.2556201043,14.989117,0.0580832825096855,183.1244,9.86717
1109065028988,56393.2607401619,14.943392,0.0578122570673099,183.12439,9.86715
1109065028988,56423.2082484607,15.027758,0.0587931102173556,183.1244,9.86716
1109065028988,56423.2154443171,14.990296,0.0597830166323902,183.12436,9.86718
1109065028988,56423.2227488775,14.911879,0.0584436151683771,183.12439,9.86717
1109065028988,56423.2517400696,14.661535,0.0572870832015849,183.12435,9.86719
1109065028988,56444.1795860184,14.506326,0.0559324956335808,183.12437,9.86717
1109065028988,56444.1857584375,14.503019,0.0559493541399253,183.12439,9.8672
1109065028988,56444.1920099189,14.512964,0.0559942326975139,183.1244,9.86716
1109065028988,56444.1982204397,14.520925,0.0560289946923943,183.1244,9.86717
