1109065029273,53466.2632007175,16.127025,0.0670861078183596,181.57356,9.88469
1109065029273,53466.2707218058,16.153069,0.0673672548014132,181.57354,9.88467
1109065029273,53466.2782609491,16.164783,0.0675265002116755,181.57356,9.88466
1109065029273,53466.2858106364,16.179963,0.0677289462268175,181.57353,9.88463
1109065029273,53705.481591065,16.331203,0.0721048647081747,181.57359,9.88469
1109065029273,53705.4882669794,16.432142,0.0731334840495907,181.57344,9.8847
1109065029273,53705.4950349075,16.369513,0.071895771495374,181.57347,9.88465
1109065029273,53705.5019248379,16.359897,0.0716685988092416,181.57349,9.88467
1109065029273,53731.4833143866,15.919602,0.0654287253570679,181.57352,9.88468
1109065029273,53731.4914057525,15.954991,0.0660937450837484,181.57358,9.88466
1109065029273,53731.4994650693,15.947151,0.066259373260701,181.57358,9.88467
1109065029273,53731.5075290161,15.923617,0.0655184966495627,181.57366,9.8847
1109065029273,53553.1613281597,16.156337,0.0699308479986821,181.57359,9.88469
1109065029273,53553.1677581021,16.178761,0.0704062210145186,181.57354,9.8847
1109065029273,53553.1742326156,16.192031,0.070692174223475,181.57349,9.88466
1109065029273,53553.1806503008,16.224678,0.0712865625600273,181.57356,9.88468
1109065029273,53528.1918311226,15.914248,0.0657398345580868,181.5736,9.88465
1109065029273,53528.1993165743,15.934125,0.065980662622095,181.57357,9.88464
1109065029273,53528.2068118518,15.905577,0.0657602818300239,181.57357,9.88467
1109065029273,53528.2142846761,15.931855,0.0661271329310351,181.57357,9.88464
1109065029273,53499.1880700579,16.086422,0.0671827145282682,181.57359,9.88462
1109065029273,53499.193443472,16.124597,0.0676208321391239,181.57356,9.88469
1109065029273,53499.1987805441,16.122403,0.0676070218822548,181.57354,9.88473
1109065029273,53499.2041159952,16.133762,0.0677638845413728,181.57358,9.88475
1109065029273,53520.2298853239,15.817475,0.0678755610227148,181.57353,9.88471
1109065029273,53520.2363614468,16.028642,0.067881754409425,181.57364,9.88465
1109065029273,53520.2427654746,16.058343,0.0686974130307431,181.57354,9.88462
1109065029273,53520.2492097803,16.042244,0.068093841608996,181.57356,9.88468
1109065029273,53828.2364761112,16.232405,0.0827854224108145,181.57341,9.88474
1109065029273,53828.2390353819,16.289959,0.0813826216636515,181.5734,9.88463
1109065029273,53828.2416137499,16.291591,0.078483995891588,181.57352,9.88473
1109065029273,53828.2442079745,16.273957,0.087673685568092,181.57344,9.88475
1109065029273,53843.2674753242,16.234571,0.0708529340238831,181.5735,9.88465
1109065029273,53843.2755772336,16.257259,0.0712084562929619,181.5735,9.88472
1109065029273,53843.2836765973,16.156273,0.0697721688577085,181.57353,9.88462
1109065029273,53843.2917337036,16.190306,0.0702572331672377,181.57351,9.88461
1109065029273,54084.478851412,16.259162,0.068676734656768,181.57354,9.88462
1109065029273,54084.4842542247,16.26591,0.0687141219875208,181.57354,9.88461
1109065029273,54084.4896116667,16.234021,0.0682686365011166,181.57354,9.88464
1109065029273,54084.4949728125,16.24691,0.0683590723325252,181.57357,9.88467
1109065029273,54095.4404616896,15.864477,0.0643881355308924,181.57355,9.88468
1109065029273,54095.4523802199,15.883688,0.0644276852008568,181.57354,9.88468
1109065029273,54095.4643049999,15.898956,0.0644888303953763,181.57358,9.88463
1109065029273,54095.476184641,15.953065,0.0650437159605434,181.57357,9.88468
1109065029273,53772.4459552779,16.230951,0.0690278030100955,181.57353,9.88466
1109065029273,53772.4535152661,16.249635,0.0693054184013814,181.57353,9.88466
1109065029273,53772.4611303355,16.230083,0.0690454213105252,181.57349,9.88467
1109065029273,53772.4687213427,16.253439,0.0693520680570292,181.57356,9.88469
1109065029273,53774.4289860763,16.191783,0.0689229873245174,181.57358,9.8846
1109065029273,53774.4364652662,16.166402,0.0685816211772146,181.57353,9.88467
1109065029273,53774.4439522224,16.211712,0.0693938037456494,181.57353,9.88472
1109065029273,53774.4515064121,16.215139,0.0698518695958078,181.57353,9.88469
1109065029273,53789.3739614813,16.293287,0.123885776712376,181.57366,9.88471
1109065029273,53743.4330576854,16.125785,0.068235361040326,181.57357,9.88462
1109065029273,53743.4394188887,16.164323,0.0686698885382749,181.57357,9.88466
1109065029273,53743.4457820486,16.183699,0.0688944746230592,181.57351,9.88465
1109065029273,53743.4521456715,16.187017,0.0689151714265896,181.57354,9.88468
1109065029273,53758.4027865972,16.180327,0.068791659796158,181.57355,9.88471
1109065029273,53758.4086543634,16.1449,0.0682939114454246,181.57354,9.88467
1109065029273,53758.4146442479,16.121481,0.067986739675159,181.57356,9.88463
1109065029273,53758.420612141,16.137635,0.0681145345704488,181.57362,9.8847
1109065029273,53765.4439632753,16.188268,0.06901593212838,181.5737,9.88462
1109065029273,53765.4504890624,16.182793,0.069004846343411,181.57356,9.88466
1109065029273,53765.4570066319,16.198961,0.0691567313102171,181.57351,9.88468
1109065029273,53765.4636187614,16.179961,0.0688832264680401,181.57366,9.88468
1109065029273,53905.2145601273,15.982932,0.118374272388246,181.57355,9.88462
1109065029273,53905.215531933,15.969194,0.117637263820773,181.57345,9.88467
1109065029273,53905.2164948265,15.977657,0.117924442922007,181.57362,9.88469
1109065029273,53905.2174574886,15.954863,0.116901883491437,181.57351,9.88465
1109065029273,53797.3431980209,16.088505,0.0683625170951751,181.57356,9.88468
1109065029273,53797.3510474768,16.096579,0.0688724259042478,181.57357,9.88466
1109065029273,53797.3585183332,16.092392,0.0681993453115734,181.57355,9.88468
1109065029273,53797.3662238079,16.09644,0.068231771448644,181.57356,9.88467
1109065029273,53816.4410417128,16.174087,0.0759510761012497,181.57357,9.88471
1109065029273,53816.4461023842,16.168673,0.0760242042783224,181.57353,9.88468
1109065029273,53816.4512233563,16.144226,0.0756333582911122,181.5735,9.88465
1109065029273,53816.4563385417,16.142028,0.0757540987766117,181.57353,9.88472
1109065029273,53857.2519962038,16.177518,0.070712763766947,181.57358,9.88466
1109065029273,53857.2568588308,16.171768,0.0708846701464239,181.57354,9.88471
1109065029273,53857.2617300116,16.155032,0.0719535096443468,181.57346,9.88468
1109065029273,53857.2666080324,16.16759,0.0717673671226135,181.57353,9.88463
1109065029273,53876.2137110531,15.815811,0.0658791004206058,181.57356,9.88463
1109065029273,53876.2212916319,15.880212,0.0665588885716737,181.57359,9.8847
1109065029273,53876.2288460648,15.887502,0.0667152436291306,181.57357,9.88471
1109065029273,53876.2364163427,15.91728,0.0671341687758055,181.57364,9.88469
1109065029273,54201.2826654743,16.244532,0.0694248967097611,181.57356,9.8847
1109065029273,54201.292124514,16.217967,0.0692349706018319,181.57357,9.88465
1109065029273,54201.3015737035,16.284608,0.0701471948565589,181.57357,9.8847
1109065029273,54201.3110408448,16.28376,0.0701474461862307,181.57345,9.88462
1109065029273,54212.2201919444,15.986767,0.0658599640408473,181.57361,9.8847
1109065029273,54212.2294609258,15.956168,0.0654897662686846,181.57362,9.88464
1109065029273,54212.2387818056,15.994711,0.0658856364023133,181.57358,9.88467
1109065029273,54212.2480652086,15.973111,0.0657126406897549,181.57358,9.88464
1109065029273,54450.4456874998,15.990478,0.0657303787152087,181.57356,9.88468
1109065029273,54450.4523535762,16.051732,0.0663333941206953,181.57351,9.88472
1109065029273,54450.459069653,16.010867,0.0658305643631717,181.57354,9.88463
1109065029273,54450.4657374653,16.044969,0.0661698287248243,181.57355,9.88468
1109065029273,54146.4347705091,15.872495,0.065780791292254,181.57357,9.88463
1109065029273,54146.4407167593,15.908007,0.0661275089758986,181.57358,9.88466
1109065029273,54146.4466723725,15.947598,0.0664647479072784,181.57358,9.88469
1109065029273,54146.4526344794,15.95334,0.0665072203704984,181.57358,9.88468
1109065029273,54159.4223828008,16.225027,0.0685864124469071,181.57359,9.88462
1109065029273,54159.4303664118,16.295495,0.0690120886812,181.57352,9.88465
1109065029273,54159.4382934258,16.26519,0.0689769226745159,181.57353,9.88467
1109065029273,54159.4461562038,16.288007,0.0692658181554166,181.57354,9.88459
1109065029273,54127.363910104,16.368631,0.0723742267373528,181.5736,9.88467
1109065029273,54127.3743123495,16.405182,0.0728843126775015,181.57355,9.88468
1109065029273,54127.3834372339,16.364482,0.0722363871947566,181.57357,9.88471
1109065029273,54127.3925290046,16.329852,0.0716567156681899,181.57359,9.88472
1109065029273,54265.1985299769,15.947161,0.0672327152344628,181.57359,9.88466
1109065029273,54265.2066852432,15.869441,0.0664037333850149,181.5736,9.88463
1109065029273,54265.2148514004,15.903327,0.0668903111715034,181.5736,9.88461
1109065029273,54265.2230106019,15.890668,0.066898090962391,181.57357,9.88458
1109065029273,54168.3862908795,15.755307,0.0631772217152316,181.57354,9.88467
1109065029273,54168.3901841319,15.779422,0.0634487099172563,181.57359,9.88467
1109065029273,54168.3941200925,15.789499,0.0635857482307427,181.57358,9.88462
1109065029273,54168.3980590627,15.861836,0.0642631576124166,181.57356,9.88467
1109065029273,54174.3796512964,16.013437,0.0657268995674966,181.57358,9.88466
1109065029273,54174.3891482987,16.052831,0.0661637029468111,181.57359,9.88466
1109065029273,54174.3986539813,16.106629,0.0667519096067913,181.57357,9.88466
1109065029273,54174.4081396298,16.128525,0.0670785568168856,181.57357,9.88464
1109065029273,54179.3211243404,16.311128,0.0696259465134599,181.57355,9.88465
1109065029273,54179.3288409258,16.352386,0.0701733463039655,181.57354,9.88467
1109065029273,54179.3357096645,16.365191,0.0703923966308492,181.57354,9.88467
1109065029273,54179.3425936923,16.376354,0.0704908074414342,181.57354,9.8847
1109065029273,54233.2570544211,16.085482,0.0682556293687379,181.57359,9.8846
1109065029273,54233.2640553471,16.076452,0.0680313088838041,181.57359,9.88467
1109065029273,54233.2710857987,16.091053,0.0682763509974691,181.57361,9.88461
1109065029273,54233.278105706,16.05727,0.0679064812411949,181.57361,9.88461
1109065029273,54242.1899066204,15.986855,0.067040830572471,181.57363,9.88462
1109065029273,54242.197219016,15.984401,0.0665642438184707,181.57361,9.88465
1109065029273,54242.2044560649,16.010095,0.0673876938626817,181.57361,9.88471
1109065029273,54242.2116947337,16.006993,0.0672157487679741,181.57357,9.88466
1109065029273,54562.3560701041,15.990685,0.0666147114998223,181.57355,9.88468
1109065029273,54562.3612325117,15.999385,0.0667479717159438,181.57356,9.88464
1109065029273,54562.3663921412,16.046077,0.067336744569236,181.57357,9.88465
1109065029273,54562.371552581,16.041699,0.067362442884374,181.57356,9.88468
1109065029273,54568.2739789118,16.012504,0.0658246560407423,181.57353,9.88469
1109065029273,54568.2847300349,16.037863,0.0661699048319574,181.57349,9.88461
1109065029273,54568.295492257,16.035893,0.0661366150887131,181.57359,9.88464
1109065029273,54568.3061956829,16.096028,0.0668624375490009,181.57354,9.88465
1109065029273,54822.5334012614,16.197537,0.0706157121974083,181.57362,9.88464
1109065029273,54822.53952147,16.272136,0.0716275175803527,181.57359,9.88466
1109065029273,54822.545582766,16.229162,0.0709747654617611,181.57356,9.88469
1109065029273,54822.551671956,16.326533,0.0723713451199011,181.57351,9.88466
1109065029273,54502.406037766,16.140598,0.0670038887303397,181.57355,9.88468
1109065029273,54502.4144542706,16.193284,0.0675524854299733,181.57357,9.88461
1109065029273,54502.4228765625,16.15943,0.0671592691654636,181.57355,9.88466
1109065029273,54502.431288206,16.192038,0.0675957162074239,181.57357,9.88468
1109065029273,54523.4252080438,16.197496,0.0676023324210267,181.57357,9.88465
1109065029273,54523.4351144442,16.284187,0.0687077730726179,181.57356,9.88464
1109065029273,54523.445007639,16.184456,0.0674857415137219,181.5736,9.8847
1109065029273,54523.4549496877,16.226136,0.0680407398549876,181.57357,9.88463
1109065029273,54476.4327514581,16.071153,0.0663173846188868,181.5736,9.88466
1109065029273,54476.4419509838,16.129576,0.0669524446399865,181.57357,9.8847
1109065029273,54476.4504309143,16.086342,0.0664078786305603,181.57354,9.88467
1109065029273,54476.4588496294,16.037106,0.0658278259397213,181.57354,9.88468
1109065029273,54483.4410093636,16.007227,0.06547284705645,181.57357,9.88464
1109065029273,54496.3910883335,15.99632,0.0654110759003325,181.57359,9.88465
1109065029273,54496.3954611225,16.028374,0.0657029401689609,181.57355,9.8846
1109065029273,54496.3998014932,16.03109,0.0657207238356449,181.57357,9.8847
1109065029273,54496.4041675692,16.022438,0.0656000510053829,181.57354,9.88467
1109065029273,54625.2090734956,16.124815,0.0679547302907843,181.5735,9.88468
1109065029273,54625.2162493169,16.184973,0.0687009006861673,181.57352,9.88471
1109065029273,54625.2234775694,16.151907,0.0683966354094702,181.57353,9.88467
1109065029273,54625.2306750347,16.184115,0.0689287450914182,181.57355,9.88469
1109065029273,54532.2756620371,15.934253,0.0589302358354025,181.57355,9.88473
1109065029273,54532.2881223727,16.008356,0.0594349358077546,181.57352,9.88468
1109065029273,54532.3005863079,16.036629,0.0596061206082425,181.57354,9.88467
1109065029273,54532.3130954863,16.045127,0.0598162357353816,181.57356,9.88468
1109065029273,54535.2747851387,16.227997,0.068445118844344,181.57357,9.88467
1109065029273,54535.2769309608,16.222687,0.0684173195153416,181.57361,9.88468
1109065029273,54535.2790796761,16.15375,0.0674882767445582,181.57359,9.88461
1109065029273,54535.281226771,16.172458,0.0677437264142659,181.57362,9.88463
1109065029273,54554.2631528471,15.921175,0.0650218082494793,181.57355,9.88467
1109065029273,54554.2701612962,15.925778,0.0650776830147536,181.57359,9.88466
1109065029273,54554.2771893172,15.945396,0.0652353631709498,181.57358,9.88464
1109065029273,54554.2842023959,15.964455,0.0654097201575483,181.5736,9.88467
1109065029273,54587.1528381715,16.216201,0.0684140551767009,181.57361,9.8847
1109065029273,54587.1582471179,16.192535,0.0680987403222967,181.57354,9.88468
1109065029273,54587.1636258564,16.149402,0.0675726969743541,181.57363,9.88468
1109065029273,54587.1689963774,16.231992,0.0684904995816334,181.57352,9.88467
1109065029273,54948.2977713076,15.949655,0.0657460260685561,181.5736,9.88468
1109065029273,54948.3042525463,15.940844,0.0656852023901501,181.57354,9.88468
1109065029273,54948.310892697,15.905748,0.0653568566044066,181.57361,9.88465
1109065029273,54948.3175513772,15.867611,0.0650263502158458,181.57357,9.88463
1109065029273,54863.4710608102,16.331812,0.0691113830555131,181.57356,9.88465
1109065029273,54863.4765454629,16.287799,0.0685941271841987,181.57359,9.88462
1109065029273,54863.4819642478,16.319768,0.069025053549137,181.57354,9.88466
1109065029273,54863.4874230786,16.327886,0.0690607582502652,181.5735,9.88468
1109065029273,54877.4721414003,16.244717,0.0721836547172187,181.57359,9.88466
1109065029273,54877.4775542825,16.131951,0.0709113169033242,181.5736,9.88466
1109065029273,54877.5009557985,15.847129,0.0678088913336407,181.57359,9.88474
1109065029273,54877.5080863659,15.727283,0.0668667703309708,181.57361,9.8847
1109065029273,54856.4195623035,16.355733,0.069232490637868,181.57361,9.88465
1109065029273,54856.4287364814,16.2826,0.0683040636470914,181.5736,9.88465
1109065029273,54856.4379974767,16.355859,0.0692515663767478,181.57353,9.88464
1109065029273,54856.4471625229,16.286121,0.0682705387454295,181.57365,9.88468
1109065029273,54905.3194311806,16.34315,0.069878602034014,181.57353,9.88466
1109065029273,54905.324886655,16.283763,0.0691464586988538,181.57348,9.88461
1109065029273,54905.3303085766,16.320008,0.0696007002708549,181.57353,9.88467
1109065029273,54905.3356759721,16.282515,0.0691595249213454,181.5735,9.88472
1109065029273,54911.3260494213,15.551106,0.0591907990860198,181.57358,9.88464
1109065029273,54911.3343735648,15.577032,0.0593377714325198,181.57355,9.88469
1109065029273,54911.3428271067,15.633537,0.0596983060929984,181.57357,9.88465
1109065029273,54911.3512182639,15.651531,0.0598490352406946,181.57355,9.88468
1109065029273,54918.2271746527,16.130221,0.0674210130209372,181.57355,9.88473
1109065029273,54918.2319699307,16.07405,0.0667056989965334,181.57357,9.88466
1109065029273,54918.2368599884,16.039498,0.066280860927221,181.57352,9.88472
1109065029273,54918.2417139467,16.037617,0.0662679606832658,181.57358,9.88468
1109065029273,54968.1748893289,15.970085,0.0667118163215284,181.57353,9.88468
1109065029273,54968.1821936457,15.967135,0.0667017859647728,181.57356,9.88463
1109065029273,54968.1895457637,15.952761,0.066467587127364,181.57356,9.88469
1109065029273,54968.1968183448,16.008851,0.0671897621503757,181.57356,9.88466
1109065029273,55290.209443287,16.201363,0.0686115639253348,181.57358,9.88466
1109065029273,55290.2163771992,16.179145,0.068319569252411,181.5736,9.88469
1109065029273,55290.2233187617,16.202265,0.0685930842755535,181.57366,9.88464
1109065029273,55290.2302393867,16.207171,0.0686177325452806,181.57361,9.88465
1109065029273,55299.2123168286,16.146745,0.0890547915608408,181.57357,9.8846
1109065029273,55299.2164005901,16.165894,0.089535040514796,181.57358,9.88464
1109065029273,55299.2204239004,16.181777,0.0899004794440237,181.57353,9.88463
1109065029273,55299.2245222571,16.167255,0.0893824800773356,181.57349,9.88464
1109065029273,55536.4818336689,16.21575,0.0751994054279833,181.5736,9.8847
1109065029273,55536.4934637733,16.142526,0.0774172361691909,181.57354,9.88467
1109065029273,55349.1509568055,16.308046,0.063709389768313,181.57352,9.88461
1109065029273,55349.1589450694,16.280998,0.0633684070601464,181.57355,9.88464
1109065029273,55349.1670194559,16.267214,0.0632874359314219,181.57351,9.88465
1109065029273,55349.1750119791,16.407239,0.072843893967208,181.57342,9.88462
1109065029273,55260.4042166551,16.045126,0.0664159414952108,181.57369,9.88463
1109065029273,55260.4093031366,16.092781,0.0669764303379474,181.57361,9.88464
1109065029273,55260.4144357988,16.144982,0.0676231362709392,181.57354,9.88464
1109065029273,55260.4195539006,16.096351,0.0671346008269889,181.57354,9.88472
1109065029273,55267.4467309606,16.040862,0.066829609465908,181.57371,9.88465
1109065029273,55267.4525835877,16.054839,0.0670249754619578,181.57364,9.88466
1109065029273,55267.4584035534,16.097014,0.0676133718670424,181.5736,9.88468
1109065029273,55267.4642834142,16.134255,0.0680913933971792,181.57355,9.88468
1109065029273,55275.3868244444,16.076244,0.0668154435518954,181.57356,9.88469
1109065029273,55275.3931479049,16.096535,0.067072641871516,181.57359,9.88467
1109065029273,55275.3995151506,16.070315,0.0667807650663851,181.57366,9.88467
1109065029273,55275.4059393057,16.061181,0.0667030083622797,181.57357,9.88465
1109065029273,55324.2238269327,15.951924,0.0655557923786945,181.57355,9.88463
1109065029273,55324.2312214929,15.951765,0.0655709060484189,181.57354,9.88462
1109065029273,55324.2387735997,16.01115,0.066240395608601,181.57354,9.8846
1109065029273,55324.2462653355,16.01042,0.0661947661895197,181.57356,9.88461
1109065029273,55336.228362361,16.224968,0.0689443007554751,181.57351,9.88458
1109065029273,55336.2363801966,16.270364,0.0695489080795396,181.57352,9.88459
1109065029273,55336.2444676966,16.217123,0.0688686490743316,181.57349,9.88468
1109065029273,55336.2525292127,16.284328,0.0697694049826937,181.57351,9.88458
1109065029273,55655.3113728937,16.227485,0.065830275761103,181.57351,9.88464
1109065029273,55655.318297095,16.179699,0.0653722736713842,181.57354,9.8847
1109065029273,55655.3252047453,16.203411,0.0655703516093015,181.57353,9.88466
1109065029273,55655.3321403934,16.262261,0.0662006911109681,181.57356,9.88466
1109065029273,55663.1672732872,15.688033,0.0639688814409115,181.57357,9.8847
1109065029273,55663.1724147452,15.700334,0.0641175280025294,181.57359,9.88466
1109065029273,55663.1776261344,15.71116,0.0641307585275518,181.57359,9.88461
1109065029273,55663.1827586806,15.79079,0.0649335087101136,181.57352,9.88467
1109065029273,55674.1553847222,16.351604,0.0878704265404907,181.57341,9.88476
1109065029273,55674.1632689238,16.534584,0.102821076142486,181.57345,9.88474
1109065029273,55674.1711909953,16.354441,0.0827364931688905,181.57338,9.88467
1109065029273,55674.1791723147,16.392362,0.0762393101937586,181.57355,9.88467
1109065029273,55601.4191635186,15.976739,0.0663730696858059,181.57354,9.88467
1109065029273,55601.4243471064,15.91699,0.0657253367430351,181.57359,9.88466
1109065029273,55601.4295395603,15.912926,0.0656259608455659,181.57358,9.88464
1109065029273,55601.434774884,15.9267,0.0657897426994841,181.57352,9.88466
1109065029273,55617.4746840857,16.066389,0.0672557769566805,181.5736,9.88468
1109065029273,55617.4827818056,16.022097,0.06671295831285,181.57358,9.88467
1109065029273,55617.4908788311,16.006639,0.0665663226706099,181.57358,9.8847
1109065029273,55617.4989827084,15.946436,0.0659859678462618,181.57361,9.88466
1109065029273,55563.4388626968,15.949509,0.0659068845877171,181.5736,9.88465
1109065029273,55563.4464093633,15.990843,0.0663076576750192,181.57351,9.88468
1109065029273,55563.4539927663,15.979455,0.0661460348981225,181.57354,9.88466
1109065029273,55563.4616645603,15.93842,0.0656668764952767,181.57366,9.88468
1109065029273,55591.39659853,16.039651,0.0668460473691877,181.57359,9.88462
1109065029273,55591.4017575928,16.043295,0.0668436372660282,181.57356,9.88465
1109065029273,55591.40698853,16.083358,0.0672999049785438,181.57353,9.88472
1109065029273,55591.4122220138,16.067265,0.0671020074588651,181.57356,9.88468
1109065029273,55624.3899785647,16.219522,0.0658990182965292,181.5735,9.88466
1109065029273,55624.4010616665,16.243992,0.0661951458529141,181.57353,9.8847
1109065029273,55624.4121586572,16.212581,0.065829987874518,181.57351,9.88471
1109065029273,55624.4232540278,16.163487,0.0653168929005965,181.57358,9.88471
1109065029273,55644.2765406016,16.186413,0.0694657230541161,181.5735,9.88468
1109065029273,55644.2831188426,16.13897,0.068885495976634,181.57353,9.88464
1109065029273,55644.2897503008,16.125475,0.0687356391867094,181.57345,9.88471
1109065029273,55644.2964257756,16.053916,0.0678314923681743,181.57352,9.88472
1109065029273,55705.1416227315,16.0662,0.0682566291598395,181.57358,9.88474
1109065029273,55705.1507726275,16.077353,0.0684059006608215,181.57363,9.8847
1109065029273,55705.1599817942,16.074902,0.0684247706260269,181.57363,9.88467
1109065029273,55705.1690899073,16.152867,0.0692840629849475,181.57353,9.88467
1109065029273,53828.279975845,16.234314,0.0783746669236347,181.57351,9.88473
1109065029273,53828.3079091781,15.959114,0.0676385458434002,181.57361,9.88464
1109065029273,54483.4454249768,15.97681,0.0652071555810585,181.57357,9.88468
1109065029273,54483.4519400001,15.980526,0.065221706596764,181.57352,9.88468
1109065029273,54483.4585111691,15.953957,0.0649405792122754,181.57357,9.88472
1109065029273,54483.4651509607,15.975636,0.0651733070234214,181.57356,9.88472
1109065029273,55299.2317686575,16.126858,0.067287195363137,181.57367,9.88462
1109065029273,55299.2386783795,16.142619,0.0675195861020695,181.57354,9.88456
1109065029273,55299.2456799191,16.170505,0.0677889917823073,181.57358,9.88463
1109065029273,55299.2526331944,16.152383,0.0676288536887698,181.57355,9.88465
1109065029273,53828.3330735071,15.931602,0.0677643539619894,181.57354,9.88473
1109065029273,53828.3480722802,15.893595,0.0677237147736761,181.5736,9.88465
1109065029273,53828.3571887151,15.835529,0.0682567287559402,181.57362,9.88469
1109065029273,53828.3617797918,15.95847,0.0675948892460509,181.57355,9.88469
1109065029273,55892.4910403937,16.298291,0.069811202455967,181.57356,9.88475
1109065029273,55892.4962053588,16.22323,0.0688085627854579,181.57355,9.88466
1109065029273,55892.5014638775,16.294784,0.0696932044801361,181.57355,9.8847
1109065029273,55892.5066946875,16.261718,0.0691870638903371,181.57354,9.88467
1109065029273,55920.4563346645,16.308287,0.0699622510000981,181.57355,9.88466
1109065029273,55920.4655710301,16.31175,0.0699147005786626,181.57357,9.8846
1109065029273,55920.4748430438,16.333533,0.0701627763226421,181.57353,9.88471
1109065029273,55920.4839915047,16.300453,0.0697155038209067,181.57352,9.88463
1109065029273,55927.4851669446,16.341003,0.0702957111704332,181.57354,9.8847
1109065029273,55927.4943801505,16.341059,0.0702109519362814,181.57358,9.8847
1109065029273,55927.5036912849,16.197635,0.0682609295044586,181.57358,9.88467
1109065029273,55927.5129243173,16.021399,0.0662442938607907,181.57358,9.88474
1109065029273,55959.445439097,16.261413,0.0691628784970732,181.57357,9.88466
1109065029273,55959.4510966898,16.308471,0.0697390589017385,181.57356,9.88467
1109065029273,55959.4567798381,16.237525,0.0687985028536268,181.57362,9.88464
1109065029273,55959.4624993401,16.282697,0.0694307834458177,181.57355,9.88455
1109065029273,55975.4432713771,16.00559,0.0664233082076824,181.5736,9.88473
1109065029273,55975.4507025345,16.098224,0.0675200408083431,181.57356,9.88468
1109065029273,55975.4580613542,16.066603,0.0671482663715626,181.57364,9.88472
1109065029273,55975.465495104,16.091943,0.0674540293552969,181.57356,9.88471
1109065029273,55982.3446350116,15.78072,0.0638491519188793,181.57362,9.88469
1109065029273,55982.3496881598,15.843536,0.0644676008480247,181.57356,9.8847
1109065029273,55982.3547803355,15.809146,0.0641282546779976,181.57365,9.8847
1109065029273,55982.3598912386,15.842795,0.0644402413337961,181.57361,9.88469
1109065029273,55989.251509699,15.446821,0.0613239963578484,181.57356,9.88469
1109065029273,55989.2565900465,15.463906,0.0614373932371838,181.57358,9.88472
1109065029273,55989.2617458683,15.497616,0.0617230950799398,181.57358,9.88471
1109065029273,55989.2668436919,15.55795,0.0621705029132016,181.5736,9.88467
1109065029273,55999.3342560534,16.345039,0.0705017802004041,181.57357,9.88466
1109065029273,55999.3393648728,16.362327,0.0706789621016914,181.57359,9.88473
1109065029273,55999.3443871294,16.291433,0.0697525992298286,181.57361,9.88465
1109065029273,55999.3494359837,16.347576,0.0704649952997144,181.57358,9.88464
1109065029273,56007.3710757409,16.354539,0.066700726879184,181.57356,9.88467
1109065029273,56007.3813689699,16.364808,0.0668864663854861,181.57356,9.88465
1109065029273,56007.3916835765,16.354642,0.066775824378842,181.57358,9.88469
1109065029273,56007.4020240971,16.34457,0.0667121422449431,181.57357,9.88468
1109065029273,56016.339576609,16.343382,0.0708628648812251,181.57359,9.88466
1109065029273,56016.3464930556,16.359074,0.0711630361631643,181.57359,9.88468
1109065029273,56016.3534591436,16.367151,0.0712711715554857,181.57355,9.88473
1109065029273,56016.3603819674,16.328777,0.0707423961650955,181.57357,9.88468
1109065029273,56029.1997311111,16.258749,0.0697183692687323,181.5736,9.88473
1109065029273,56029.2048503473,16.367192,0.074698040053893,181.57357,9.88471
1109065029273,56029.2099692593,16.326094,0.0706354621353552,181.57358,9.88472
1109065029273,56029.2150093173,16.254487,0.0696864187884485,181.57366,9.88467
1109065029273,56035.2178175696,16.415932,0.0719313194937092,181.5735,9.8847
1109065029273,56035.2233610763,16.461895,0.0725928631178768,181.57359,9.8847
1109065029273,56035.2289725812,16.439766,0.0722810038671384,181.57358,9.88468
1109065029273,56035.2345575001,16.339159,0.0708213095280682,181.57356,9.88465
1109065029273,56251.5028671646,15.664591,0.0630811875991054,181.57355,9.88474
1109065029273,56251.5079662614,15.599101,0.0624784538901712,181.57365,9.88462
1109065029273,56251.5130677777,15.640894,0.0627533823780117,181.57357,9.88472
1109065029273,56251.5182357524,15.655554,0.0628631411595362,181.57366,9.88467
1109065029273,56263.4941298263,16.1911,0.06926559153497,181.57361,9.8847
1109065029273,56263.4992342475,16.18685,0.0695655503700914,181.57349,9.88481
1109065029273,56263.5043528127,16.232078,0.0714527809727458,181.57356,9.88475
1109065029273,56263.5126146991,16.204732,0.0691357525821244,181.5736,9.88466
1109065029273,56300.4142151275,15.86395,0.0652286306162751,181.57358,9.88471
1109065029273,56300.4187653703,15.943168,0.0660117394992203,181.57352,9.88478
1109065029273,56300.423308773,15.954272,0.0661497311923612,181.57356,9.88472
1109065029273,56300.4278228474,15.928609,0.0658060275988225,181.5737,9.88469
1109065029273,56311.4679402085,16.291777,0.0701191198566963,181.5736,9.88467
1109065029273,56311.4730694098,16.323829,0.0706085645168392,181.57357,9.88472
1109065029273,56311.4781960533,16.373657,0.0715582257232124,181.5735,9.88468
1109065029273,56311.4833345255,16.390454,0.0717466594752304,181.57352,9.88467
1109065029273,56330.5113041205,16.029437,0.066876778435502,181.57366,9.88465
1109065029273,56330.5169986109,16.074503,0.0674536692591659,181.57355,9.88472
1109065029273,56330.5226712502,16.121308,0.0680531047465276,181.57352,9.88467
1109065029273,56330.5283570718,16.124936,0.0681434594015256,181.57359,9.88474
1109065029273,56339.3764860071,16.30314,0.0698885875061883,181.57354,9.88471
1109065029273,56339.3815099769,16.288491,0.0696381246748818,181.5736,9.88471
1109065029273,56339.386637222,16.327481,0.0702050099735991,181.57359,9.88472
1109065029273,56339.3917196528,16.263942,0.0693119042722715,181.57364,9.88475
1109065029273,56354.4474908216,15.815502,0.0643883676821677,181.57358,9.88468
1109065029273,56354.4525419097,15.76749,0.0640571232885496,181.57363,9.88473
1109065029273,56354.4576848727,15.691947,0.0633548746608817,181.5737,9.88471
1109065029273,56354.4649753007,15.725192,0.0635974174657247,181.57362,9.88468
1109065029273,56365.2979651968,15.854425,0.0619846333638744,181.5736,9.88469
1109065029273,56365.3054341668,15.869688,0.0621000879960229,181.57358,9.8847
1109065029273,56365.312971956,15.899739,0.0623604195163759,181.57358,9.88477
1109065029273,56365.3204848262,15.878341,0.0621713378955651,181.57356,9.88472
1109065029273,56371.2158576041,15.936875,0.0724591491697761,181.57346,9.88477
1109065029273,56371.2197182062,15.983898,0.0741604137820571,181.5735,9.88475
1109065029273,56371.2236759258,15.937757,0.0726312663540331,181.5735,9.8847
1109065029273,56371.2276260071,15.810157,0.0695110589678937,181.57355,9.88471
1109065029273,55949.3712262963,16.355995,0.0707249539108323,181.57355,9.88471
1109065029273,55949.3813628242,16.340414,0.0704593985137606,181.57357,9.88471
1109065029273,55949.3916363888,16.298094,0.069784918890141,181.57365,9.88469
1109065029273,55949.4018546529,16.283567,0.0695761151291032,181.57357,9.88471
1109065029273,56388.2763895372,15.907248,0.0627252061137566,181.57351,9.88475
1109065029273,56388.2856759027,15.831245,0.0620915846981545,181.57357,9.88471
1109065029273,56388.2950410995,15.847953,0.0622824502330114,181.57363,9.88472
1109065029273,56388.3042953241,15.816763,0.0619880504539127,181.57348,9.88477
1109065029273,56393.2455108566,15.904112,0.0653953665245344,181.57355,9.88471
1109065029273,56393.2505765627,15.93589,0.0656705372104815,181.57362,9.88469
1109065029273,56393.2556201043,15.926217,0.0656077230132304,181.57355,9.88476
1109065029273,56393.2607401619,15.955692,0.0659108214272124,181.57358,9.8847
1109065029273,56423.2082484607,15.888158,0.0660414695799398,181.57362,9.88472
1109065029273,56423.2154443171,15.870996,0.0680099614895767,181.57359,9.8847
1109065029273,56423.2227488775,15.951679,0.0674446592099644,181.57357,9.88468
1109065029273,56423.2517400696,15.922935,0.067670385583662,181.57361,9.88474
1109065029273,56444.1795860184,15.991326,0.0670404039299522,181.57362,9.88472
1109065029273,56444.1857584375,15.899619,0.0660846942045632,181.57362,9.8847
1109065029273,56444.1920099189,15.980364,0.0669959967523409,181.57355,9.88472
1109065029273,56444.1982204397,15.952425,0.0666720232031538,181.57357,9.88473
