1109065032114,53466.2632007175,17.402725,0.090091276623302,181.90653,10.01763
1109065032114,53466.2707218058,17.470469,0.0918659392572917,181.90662,10.0175
1109065032114,53466.2782609491,17.634583,0.0966885768071691,181.9065,10.01759
1109065032114,53466.2858106364,17.724963,0.0995971780175221,181.90655,10.01761
1109065032114,53705.481591065,17.545403,0.0994511198324975,181.90656,10.01781
1109065032114,53705.4882669794,17.568142,0.0991108598036708,181.90646,10.01766
1109065032114,53705.4950349075,17.538813,0.0975729655594917,181.90657,10.01762
1109065032114,53705.5019248379,17.542397,0.0975010470688157,181.90644,10.01761
1109065032114,53731.4833143866,17.528602,0.0952543187223757,181.90649,10.0177
1109065032114,53731.4914057525,17.672891,0.100611771268163,181.90669,10.0177
1109065032114,53731.4994650693,17.736551,0.103563314996605,181.90641,10.0176
1109065032114,53731.5075290161,17.905117,0.1080880878201,181.90659,10.01773
1109065032114,53553.1613281597,17.488737,0.0983135683872496,181.90648,10.01747
1109065032114,53553.1677581021,17.583161,0.101824454742155,181.90657,10.0176
1109065032114,53553.1742326156,17.618131,0.103280828488708,181.90648,10.01755
1109065032114,53553.1806503008,17.864978,0.113006869608737,181.90647,10.01775
1109065032114,53528.1918311226,17.381448,0.0920205093837802,181.90654,10.01757
1109065032114,53528.1993165743,17.449625,0.0940157236056068,181.90657,10.01759
1109065032114,53528.2068118518,17.503477,0.095850166120947,181.9065,10.01768
1109065032114,53528.2142846761,17.490955,0.0956919211002437,181.90652,10.01756
1109065032114,53499.1880700579,17.779622,0.103032561851904,181.90659,10.01756
1109065032114,53499.193443472,17.846097,0.105351476945303,181.90657,10.01766
1109065032114,53499.1987805441,17.828503,0.104753870816228,181.90657,10.01752
1109065032114,53499.2041159952,17.835662,0.10507156164641,181.90658,10.01765
1109065032114,53520.2298853239,17.303875,0.0981080743241967,181.90674,10.01766
1109065032114,53520.2363614468,17.495142,0.0974963247255363,181.90659,10.01764
1109065032114,53520.2427654746,17.582343,0.101495626754064,181.90649,10.01757
1109065032114,53520.2492097803,17.500844,0.0977931573438002,181.90658,10.0176
1109065032114,53828.2364761112,18.064205,0.158716532050037,181.90634,10.01773
1109065032114,53828.2390353819,17.551859,0.121900684742785,181.90632,10.01757
1109065032114,53828.2416137499,17.862091,0.129949722425392,181.90631,10.01769
1109065032114,53828.2442079745,18.126357,0.176254671495455,181.90662,10.01799
1109065032114,53843.2674753242,17.454671,0.0968982007585827,181.90662,10.01768
1109065032114,53843.2755772336,17.468959,0.0974162155989713,181.9065,10.01754
1109065032114,53843.2836765973,17.402673,0.0953099516407787,181.90655,10.01773
1109065032114,53843.2917337036,17.532106,0.0993888367159353,181.90652,10.01758
1109065032114,54084.478851412,17.745462,0.100184316004854,181.90643,10.01764
1109065032114,54084.4842542247,17.79391,0.101674999124123,181.90655,10.01754
1109065032114,54084.4896116667,17.693721,0.098275245709195,181.90662,10.01757
1109065032114,54084.4949728125,17.65971,0.0970352031609958,181.90657,10.01762
1109065032114,54095.4404616896,17.818677,0.103094061935783,181.90646,10.0177
1109065032114,54095.4523802199,17.752988,0.100350788419236,181.90655,10.01761
1109065032114,54095.4643049999,17.667656,0.097322380435988,181.90661,10.01763
1109065032114,54095.476184641,17.498265,0.0923524404774663,181.90662,10.01761
1109065032114,53772.4459552779,17.506051,0.0944824708689354,181.90657,10.01757
1109065032114,53772.4535152661,17.383635,0.0911122104369886,181.90643,10.01763
1109065032114,53772.4611303355,17.443183,0.0927420314371991,181.90659,10.01755
1109065032114,53772.4687213427,17.451539,0.0929839285602623,181.90661,10.01754
1109065032114,53774.4289860763,17.551983,0.0967885528214754,181.9065,10.01759
1109065032114,53774.4364652662,17.560002,0.096991883450104,181.90655,10.01767
1109065032114,53774.4439522224,17.493012,0.0954982779448393,181.90664,10.01765
1109065032114,53774.4515064121,17.470639,0.0957583479791781,181.90655,10.01752
1109065032114,53789.3739614813,18.590287,0.376872313934549,181.90647,10.01781
1109065032114,53743.4330576854,17.399985,0.0926569954140506,181.90679,10.01768
1109065032114,53743.4394188887,17.442123,0.0937482022831538,181.90649,10.01757
1109065032114,53743.4457820486,17.716799,0.102333757384861,181.90653,10.01763
1109065032114,53743.4521456715,17.484017,0.0948685699244886,181.90657,10.01768
1109065032114,53758.4027865972,17.511427,0.095592285217359,181.90653,10.01758
1109065032114,53758.4086543634,17.6519,0.0998637535885283,181.90653,10.01764
1109065032114,53758.4146442479,17.655181,0.0999200289294359,181.90656,10.01766
1109065032114,53758.420612141,17.800135,0.104689007450291,181.90659,10.0176
1109065032114,53765.4439632753,17.607768,0.0988759740695934,181.90661,10.01768
1109065032114,53765.4504890624,17.600693,0.0987992812502362,181.90653,10.01761
1109065032114,53765.4570066319,17.550761,0.0970869389499978,181.90656,10.01764
1109065032114,53765.4636187614,17.534161,0.0965098947065355,181.90652,10.0176
1109065032114,53905.2145601273,17.577332,0.242359409385136,181.90651,10.01761
1109065032114,53905.215531933,17.148694,0.19551387225859,181.90651,10.01759
1109065032114,53905.2164948265,17.605257,0.245250013123171,181.90627,10.0177
1109065032114,53905.2174574886,17.337263,0.214155130040047,181.90652,10.0175
1109065032114,53797.3431980209,17.734005,0.104800315350763,181.90655,10.01763
1109065032114,53797.3510474768,17.625079,0.102117057690341,181.90652,10.01758
1109065032114,53797.3585183332,17.560792,0.0983726658861454,181.90655,10.0176
1109065032114,53797.3662238079,17.56654,0.0985102382807412,181.90655,10.01764
1109065032114,53816.4410417128,17.581087,0.115609301113834,181.90654,10.01766
1109065032114,53816.4461023842,17.333873,0.106173952862475,181.90657,10.0177
1109065032114,53816.4512233563,17.483226,0.112009822979841,181.90666,10.01765
1109065032114,53816.4563385417,17.488628,0.112607492657017,181.90646,10.01762
1109065032114,53857.2519962038,17.550818,0.101519687476011,181.90658,10.01752
1109065032114,53857.2568588308,17.607268,0.104097910645416,181.90634,10.01763
1109065032114,53857.2617300116,17.628932,0.108232027894741,181.90656,10.01775
1109065032114,53857.2666080324,17.59429,0.105992856024127,181.90647,10.01767
1109065032114,53876.2137110531,17.726711,0.106699788739045,181.90657,10.01744
1109065032114,53876.2212916319,17.822412,0.110242437398168,181.90653,10.01762
1109065032114,53876.2288460648,17.885602,0.113047699699843,181.90664,10.01747
1109065032114,53876.2364163427,17.84928,0.111833706326992,181.90657,10.01761
1109065032114,54201.2826654743,17.689032,0.100724141256175,181.90659,10.01762
1109065032114,54201.292124514,17.565367,0.0971397388996791,181.90652,10.01768
1109065032114,54201.3015737035,17.529308,0.0960948315735098,181.90652,10.01755
1109065032114,54201.3110408448,17.46586,0.094236867426769,181.90661,10.01762
1109065032114,54212.2201919444,17.782667,0.102526193527014,181.90652,10.01764
1109065032114,54212.2294609258,17.933768,0.107840491262009,181.90645,10.01761
1109065032114,54212.2387818056,17.832811,0.104085033980149,181.90675,10.01757
1109065032114,54212.2480652086,17.768311,0.10203473202991,181.90659,10.01764
1109065032114,54450.4456874998,17.431078,0.0912656436489227,181.90654,10.01763
1109065032114,54450.4523535762,17.421532,0.0908390149376151,181.90658,10.01768
1109065032114,54450.459069653,17.378167,0.0895607037253424,181.90666,10.01755
1109065032114,54450.4657374653,17.429869,0.0908495703294065,181.90655,10.01767
1109065032114,54146.4347705091,17.838395,0.108429411817146,181.90651,10.01768
1109065032114,54146.4407167593,17.858207,0.109048749453143,181.90647,10.01762
1109065032114,54146.4466723725,17.789998,0.106128896925325,181.90654,10.01766
1109065032114,54146.4526344794,17.58644,0.0990557094428764,181.90647,10.01751
1109065032114,54159.4223828008,17.568427,0.095476976925756,181.90639,10.01776
1109065032114,54159.4303664118,17.392095,0.0895203931106512,181.90662,10.01759
1109065032114,54159.4382934258,17.55989,0.0949412848694581,181.90641,10.01753
1109065032114,54159.4461562038,17.402507,0.0905052914734193,181.90648,10.01755
1109065032114,54127.363910104,17.807531,0.107973849244058,181.90646,10.01757
1109065032114,54127.3743123495,17.547282,0.098791224348306,181.90652,10.0176
1109065032114,54127.3834372339,17.508782,0.0975114410875816,181.9067,10.01757
1109065032114,54127.3925290046,17.446752,0.0954718673770769,181.90653,10.0177
1109065032114,54265.1985299769,17.680661,0.104601926874646,181.90662,10.01755
1109065032114,54265.2066852432,17.850641,0.1112430550276,181.90653,10.01748
1109065032114,54265.2148514004,17.890527,0.113226617231941,181.90652,10.01764
1109065032114,54265.2230106019,17.766968,0.108836888777811,181.90652,10.01748
1109065032114,54168.3862908795,17.592707,0.0952349695279508,181.90663,10.01759
1109065032114,54168.3901841319,17.600922,0.0956386028009955,181.90649,10.01765
1109065032114,54168.3941200925,17.499899,0.0928348558211047,181.90662,10.01757
1109065032114,54168.3980590627,17.528936,0.0936089466937476,181.9064,10.01765
1109065032114,54174.3796512964,17.462637,0.091492198209294,181.90653,10.01753
1109065032114,54174.3891482987,17.452031,0.0912224378445689,181.90654,10.0176
1109065032114,54174.3986539813,17.410729,0.0900742422231917,181.9066,10.01757
1109065032114,54174.4081396298,17.424025,0.0905986779022797,181.90652,10.0176
1109065032114,54179.3211243404,17.768828,0.101674999124123,181.90651,10.01767
1109065032114,54179.3288409258,17.732986,0.100455233463425,181.90655,10.01765
1109065032114,54179.3357096645,17.753391,0.101244044977245,181.90654,10.01775
1109065032114,54179.3425936923,17.673054,0.098485426132391,181.90655,10.01757
1109065032114,54233.2570544211,17.445782,0.0951929747772926,181.90658,10.01759
1109065032114,54233.2640553471,17.502652,0.0966315460225874,181.90653,10.01764
1109065032114,54233.2710857987,17.486253,0.0962901508102169,181.90658,10.01753
1109065032114,54233.278105706,17.56087,0.0987319045928004,181.90658,10.01759
1109065032114,54242.1899066204,17.573755,0.0990689730279995,181.90651,10.01765
1109065032114,54242.197219016,17.563201,0.0974944365639747,181.90653,10.01759
1109065032114,54242.2044560649,17.474895,0.0961785511567388,181.90656,10.0177
1109065032114,54242.2116947337,17.549793,0.0981402287858892,181.90657,10.01768
1109065032114,54562.3560701041,17.784385,0.104844192842008,181.90652,10.01757
1109065032114,54562.3612325117,17.582785,0.0981480294917815,181.90653,10.01769
1109065032114,54562.3663921412,17.520177,0.0963301633175707,181.90648,10.01763
1109065032114,54562.371552581,17.503499,0.0960237356096434,181.90655,10.01762
1109065032114,54568.2739789118,17.515804,0.0932532737852108,181.90659,10.01762
1109065032114,54568.2847300349,17.541663,0.0941731874940515,181.90654,10.01763
1109065032114,54568.295492257,17.680793,0.0983677345160735,181.9065,10.01765
1109065032114,54568.3061956829,17.695628,0.0989834245594361,181.90653,10.01768
1109065032114,54822.5334012614,17.471437,0.0980497434046238,181.9065,10.01761
1109065032114,54822.53952147,17.589036,0.101781482462177,181.90654,10.01763
1109065032114,54822.545582766,17.650862,0.103836667667203,181.90664,10.01757
1109065032114,54822.551671956,17.644233,0.103543197178667,181.90664,10.01751
1109065032114,54502.406037766,17.570898,0.0941787503965976,181.90645,10.01766
1109065032114,54502.4144542706,17.505584,0.0921558091959484,181.90653,10.0176
1109065032114,54502.4228765625,17.46323,0.0910100024863263,181.90651,10.01758
1109065032114,54502.431288206,17.449238,0.0907502162262694,181.90664,10.0176
1109065032114,54523.4252080438,17.607096,0.0950625462967941,181.90653,10.01756
1109065032114,54523.4351144442,17.828287,0.102205609448299,181.90653,10.01758
1109065032114,54523.445007639,17.888256,0.1043101363604,181.90652,10.01759
1109065032114,54523.4549496877,17.762836,0.100162792268258,181.90656,10.01766
1109065032114,54476.4327514581,17.760453,0.100333430114866,181.90655,10.01758
1109065032114,54476.4419509838,17.846676,0.10317797643899,181.90647,10.01761
1109065032114,54476.4504309143,17.770942,0.100446509531072,181.90658,10.01758
1109065032114,54476.4588496294,17.784506,0.10078608522647,181.90644,10.01766
1109065032114,54483.4410093636,17.781427,0.100573350310043,181.90655,10.01767
1109065032114,54496.3910883335,17.60722,0.0952593702948962,181.90681,10.01769
1109065032114,54496.3954611225,17.644174,0.096229842824445,181.90667,10.01761
1109065032114,54496.3998014932,17.61099,0.0951980100722094,181.90667,10.01766
1109065032114,54496.4041675692,17.646738,0.0961979900677424,181.90666,10.01771
1109065032114,54625.2090734956,17.516115,0.0953869227051055,181.90648,10.01753
1109065032114,54625.2162493169,17.449973,0.093452392065292,181.90657,10.01763
1109065032114,54625.2234775694,17.440407,0.0934294817706309,181.90648,10.01769
1109065032114,54625.2306750347,17.468115,0.094517244640166,181.9065,10.0176
1109065032114,54532.2756620371,17.822953,0.0824844271087226,181.90659,10.01767
1109065032114,54532.2881223727,17.849856,0.08313322368469,181.90653,10.01767
1109065032114,54532.3005863079,17.696929,0.0798734576115013,181.90654,10.01762
1109065032114,54532.3130954863,17.566427,0.0777939704983962,181.90652,10.01763
1109065032114,54535.2747851387,17.200097,0.0853420327782845,181.9065,10.01692
1109065032114,54535.2769309608,17.816987,0.10314585314245,181.90656,10.01761
1109065032114,54535.2790796761,17.88105,0.105160443852367,181.90666,10.01767
1109065032114,54535.281226771,17.860858,0.104528302538164,181.90658,10.01768
1109065032114,54554.2631528471,17.453875,0.0919465684977531,181.90651,10.01761
1109065032114,54554.2701612962,17.403878,0.0906090864401881,181.90655,10.01757
1109065032114,54554.2771893172,17.382596,0.0899279635501654,181.90657,10.01762
1109065032114,54554.2842023959,17.372555,0.0896011149770571,181.90657,10.01763
1109065032114,54587.1528381715,17.480101,0.0927714474525655,181.90665,10.01773
1109065032114,54587.1582471179,17.551935,0.0947912067856958,181.90663,10.01762
1109065032114,54587.1636258564,17.541402,0.0944760101121987,181.90652,10.01766
1109065032114,54587.1689963774,17.522992,0.0937179413290571,181.90648,10.01765
1109065032114,54948.2977713076,17.572555,0.0965683731324512,181.9065,10.01755
1109065032114,54948.3042525463,17.570544,0.0966026421292236,181.90653,10.01763
1109065032114,54948.310892697,17.662948,0.0996527408085178,181.90648,10.01762
1109065032114,54948.3175513772,17.801511,0.104604560130874,181.90655,10.01762
1109065032114,54863.4710608102,17.568712,0.0935635314755298,181.90658,10.01768
1109065032114,54863.4765454629,17.464499,0.090768594771179,181.90657,10.01775
1109065032114,54863.4819642478,17.527868,0.0925585364458325,181.90653,10.01764
1109065032114,54863.4874230786,17.477386,0.0910213302268044,181.90653,10.01755
1109065032114,54877.4721414003,17.511517,0.10136320914728,181.90649,10.01765
1109065032114,54877.4775542825,17.541351,0.103243597405794,181.90646,10.01764
1109065032114,54877.5009557985,17.429729,0.101056989846093,181.9066,10.01771
1109065032114,54877.5080863659,17.361083,0.100106931311092,181.90649,10.0178
1109065032114,54856.4195623035,17.377333,0.0880344797870273,181.90663,10.01771
1109065032114,54856.4287364814,17.4904,0.0909840469928811,181.90659,10.0175
1109065032114,54856.4379974767,17.516959,0.0917390859432987,181.90659,10.0176
1109065032114,54856.4471625229,17.747821,0.0983450651493872,181.90658,10.01761
1109065032114,54905.3194311806,17.80635,0.102508193465429,181.90656,10.0176
1109065032114,54905.324886655,17.732563,0.100158488580956,181.90664,10.01765
1109065032114,54905.3303085766,17.856608,0.104349173776652,181.90651,10.01759
1109065032114,54905.3356759721,17.637615,0.0971982620073749,181.90656,10.01742
1109065032114,54911.3260494213,17.643706,0.0881777310571856,181.90662,10.01768
1109065032114,54911.3343735648,17.528032,0.0852826858791109,181.90657,10.0177
1109065032114,54911.3428271067,17.472337,0.0839328959820581,181.90656,10.01761
1109065032114,54911.3512182639,17.369031,0.0817643646206083,181.90657,10.01762
1109065032114,54918.2271746527,17.498221,0.0934096486454963,181.90645,10.0177
1109065032114,54918.2319699307,17.46455,0.0923107893767286,181.90661,10.0177
1109065032114,54918.2368599884,17.558598,0.0949156367444364,181.90652,10.01766
1109065032114,54918.2417139467,17.448917,0.0918086735102744,181.90654,10.01764
1109065032114,54968.1748893289,17.472985,0.0955708793564347,181.90652,10.01762
1109065032114,54968.1821936457,17.451835,0.095004310640815,181.90649,10.01775
1109065032114,54968.1895457637,17.555461,0.0979741640879981,181.90638,10.01762
1109065032114,54968.1968183448,17.437351,0.0945951128446944,181.90649,10.01761
1109065032114,55290.209443287,17.534863,0.0952391741105061,181.90659,10.01765
1109065032114,55290.2163771992,17.532645,0.0951443764886838,181.90665,10.0176
1109065032114,55290.2233187617,17.448265,0.0926723606488753,181.90666,10.01751
1109065032114,55290.2302393867,17.452771,0.0927148629526611,181.90667,10.01754
1109065032114,55299.2123168286,17.474845,0.143091975679857,181.90647,10.01757
1109065032114,55299.2164005901,17.266594,0.131262101622031,181.90658,10.01757
1109065032114,55299.2204239004,17.429477,0.140233344951861,181.90654,10.01752
1109065032114,55299.2245222571,17.290855,0.132168583439427,181.90658,10.01747
1109065032114,55536.4818336689,17.60345,0.112956846171035,181.90657,10.01769
1109065032114,55536.4934637733,17.377626,0.111885170758176,181.90665,10.01768
1109065032114,55349.1509568055,17.864746,0.0890453060542069,181.90646,10.01757
1109065032114,55349.1589450694,17.878298,0.0891523601802981,181.90639,10.01754
1109065032114,55349.1670194559,17.833914,0.0881485314853301,181.90651,10.01755
1109065032114,55349.1750119791,17.592939,0.100118736287888,181.90656,10.01748
1109065032114,55260.4042166551,17.684926,0.0990078299811656,181.90654,10.0177
1109065032114,55260.4093031366,17.807981,0.103181683392663,181.9066,10.01749
1109065032114,55260.4144357988,17.790482,0.10267193266768,181.90654,10.01762
1109065032114,55260.4195539006,17.886151,0.106345092309052,181.9066,10.01754
1109065032114,55267.4467309606,17.560962,0.0964050732052463,181.90664,10.01763
1109065032114,55267.4525835877,17.479639,0.0940717512252998,181.90669,10.01765
1109065032114,55267.4584035534,17.419814,0.0925905667175744,181.90661,10.01768
1109065032114,55267.4642834142,17.364055,0.0911128778266233,181.90658,10.01766
1109065032114,55275.3868244444,17.654644,0.0981773161606058,181.90653,10.01767
1109065032114,55275.3931479049,17.461335,0.0924823295972375,181.90666,10.01763
1109065032114,55275.3995151506,17.557515,0.0952838003357261,181.90649,10.01767
1109065032114,55275.4059393057,17.453081,0.092341658940827,181.90665,10.01761
1109065032114,55324.2238269327,17.911324,0.107389835467372,181.90644,10.01756
1109065032114,55324.2312214929,17.791165,0.103101451578295,181.90663,10.01752
1109065032114,55324.2387735997,17.74105,0.101459016560811,181.90651,10.01751
1109065032114,55324.2462653355,17.62162,0.097477446528061,181.90661,10.01754
1109065032114,55336.228362361,17.393368,0.0912906727958366,181.90658,10.01755
1109065032114,55336.2363801966,17.443364,0.0926987311582484,181.90652,10.01746
1109065032114,55336.2444676966,17.455623,0.0930712690091684,181.90635,10.01751
1109065032114,55336.2525292127,17.439128,0.0926548029891042,181.90652,10.01746
1109065032114,55655.3113728937,17.461085,0.0862172600211372,181.9065,10.0176
1109065032114,55655.318297095,17.371899,0.0842567550126218,181.9065,10.01764
1109065032114,55655.3252047453,17.436511,0.0856304042307708,181.90652,10.01765
1109065032114,55655.3321403934,17.395561,0.0846589327053511,181.90658,10.01753
1109065032114,55663.1672732872,17.590733,0.0999083378215186,181.90654,10.01773
1109065032114,55663.1724147452,17.466234,0.0960807682490738,181.90655,10.01778
1109065032114,55663.1776261344,17.42576,0.0945934877005308,181.90657,10.01768
1109065032114,55663.1827586806,17.61609,0.100553620175586,181.90649,10.0176
1109065032114,55674.1553847222,17.337704,0.122282279278195,181.90637,10.01766
1109065032114,55674.1632689238,18.112084,0.197405812317456,181.90645,10.0177
1109065032114,55674.1711909953,17.801341,0.134545184433231,181.9065,10.01766
1109065032114,55674.1791723147,17.882062,0.120003077865621,181.90634,10.01746
1109065032114,55601.4191635186,17.691239,0.101341595462821,181.90653,10.01764
1109065032114,55601.4243471064,17.62839,0.0992936986639857,181.90658,10.01778
1109065032114,55601.4295395603,17.511926,0.0955076566628156,181.90648,10.01764
1109065032114,55601.434774884,17.4765,0.0945002554089542,181.90655,10.01767
1109065032114,55617.4746840857,17.788789,0.104280255529263,181.9066,10.01765
1109065032114,55617.4827818056,17.905097,0.108472803685978,181.90651,10.01767
1109065032114,55617.4908788311,17.745339,0.102753047679316,181.90662,10.01761
1109065032114,55617.4989827084,17.836136,0.106278468722939,181.90645,10.01777
1109065032114,55563.4388626968,17.383609,0.0915333336959916,181.90646,10.01775
1109065032114,55563.4464093633,17.384543,0.0914231741323637,181.90657,10.01761
1109065032114,55563.4539927663,17.459455,0.0934271919462473,181.90645,10.01768
1109065032114,55563.4616645603,17.52092,0.0951276474104285,181.90644,10.01773
1109065032114,55591.39659853,17.501451,0.0947010763098879,181.90662,10.01767
1109065032114,55591.4017575928,17.602295,0.0976422870860489,181.90651,10.01764
1109065032114,55591.40698853,17.702358,0.100848212633954,181.90658,10.01762
1109065032114,55591.4122220138,17.764965,0.102951640363939,181.90651,10.01771
1109065032114,55624.3899785647,17.351422,0.0840049508905018,181.9065,10.01762
1109065032114,55624.4010616665,17.393392,0.0850214952169852,181.90649,10.0176
1109065032114,55624.4121586572,17.367381,0.0843790537918772,181.90655,10.01752
1109065032114,55624.4232540278,17.486287,0.0872141966234386,181.90656,10.01752
1109065032114,55644.2765406016,17.799413,0.106754610388782,181.90649,10.01763
1109065032114,55644.2831188426,17.77007,0.105778483773965,181.90648,10.01767
1109065032114,55644.2897503008,17.769775,0.105829809354916,181.9065,10.01765
1109065032114,55644.2964257756,17.657716,0.101833757929877,181.90655,10.01767
1109065032114,55705.1416227315,17.4,0.0944171438347601,181.90658,10.0177
1109065032114,55705.1507726275,17.477753,0.0967657862581096,181.90656,10.01761
1109065032114,55705.1599817942,17.305302,0.0918645423145817,181.90643,10.01749
1109065032114,55705.1690899073,17.336767,0.0924396513683034,181.90659,10.01767
1109065032114,53828.279975845,17.495214,0.11508916503853,181.90652,10.01757
1109065032114,53828.3079091781,17.424214,0.0968332532721592,181.90651,10.01764
1109065032114,54483.4454249768,17.72951,0.0990455128819487,181.90654,10.01765
1109065032114,54483.4519400001,17.697626,0.0979577298136299,181.90654,10.01767
1109065032114,54483.4585111691,17.597157,0.0948776447445419,181.9065,10.01764
1109065032114,54483.4651509607,17.511036,0.0924280942606081,181.90658,10.01764
1109065032114,55299.2317686575,17.329758,0.0886482159020528,181.90665,10.01753
1109065032114,55299.2386783795,17.491319,0.0930989795275486,181.90651,10.01761
1109065032114,55299.2456799191,17.480505,0.0926379901697933,181.90657,10.01751
1109065032114,55299.2526331944,17.383583,0.0901291896841424,181.9065,10.01756
1109065032114,53828.3330735071,17.486102,0.100000994509358,181.90652,10.01763
1109065032114,53828.3480722802,17.564795,0.103857046692434,181.90653,10.01751
1109065032114,53828.3571887151,17.861129,0.119860225733899,181.90654,10.01764
1109065032114,53828.3617797918,17.76437,0.108410839943032,181.90657,10.01757
1109065032114,55892.4910403937,17.519991,0.0946643289276666,181.90654,10.0176
1109065032114,55892.4962053588,17.41223,0.0915635640097162,181.90655,10.01771
1109065032114,55892.5014638775,17.404984,0.0912649670585874,181.90674,10.01757
1109065032114,55892.5066946875,17.559418,0.0955161879033512,181.90653,10.01759
1109065032114,55920.4563346645,17.757487,0.102239947553612,181.90661,10.01759
1109065032114,55920.4655710301,17.89885,0.107046703269541,181.90657,10.01757
1109065032114,55920.4748430438,17.606333,0.0969872807517262,181.90674,10.01772
1109065032114,55920.4839915047,17.557753,0.0955076566628156,181.90656,10.01758
1109065032114,55927.4851669446,17.364603,0.0901393117372904,181.90647,10.01761
1109065032114,55927.4943801505,17.408459,0.0911464110393443,181.90649,10.01768
1109065032114,55927.5036912849,17.370535,0.0899604980086732,181.90659,10.01759
1109065032114,55927.5129243173,17.356399,0.0897013397155314,181.90664,10.01767
1109065032114,55959.445439097,17.501513,0.09376995975614,181.90659,10.01771
1109065032114,55959.4510966898,17.510771,0.0939410224004192,181.90664,10.0177
1109065032114,55959.4567798381,17.639325,0.0977797441204732,181.90663,10.01753
1109065032114,55959.4624993401,17.783697,0.102651399002381,181.90661,10.01753
1109065032114,55975.4432713771,17.79519,0.104090182506108,181.90657,10.01759
1109065032114,55975.4507025345,17.700824,0.100919435424582,181.90651,10.01765
1109065032114,55975.4580613542,17.653803,0.0993753661660785,181.90659,10.01759
1109065032114,55975.465495104,17.565443,0.0966143798128822,181.90666,10.01767
1109065032114,55982.3446350116,17.35482,0.089879898832764,181.90652,10.01756
1109065032114,55982.3496881598,17.411436,0.0914122635453653,181.90657,10.01763
1109065032114,55982.3547803355,17.353146,0.0898487621813759,181.90661,10.01758
1109065032114,55982.3598912386,17.481395,0.0933047433613496,181.90657,10.01759
1109065032114,55989.251509699,17.721321,0.102244686672608,181.90625,10.01762
1109065032114,55989.2565900465,17.830606,0.106015242977004,181.90651,10.01777
1109065032114,55989.2617458683,17.901616,0.108739479061518,181.90649,10.01767
1109065032114,55989.2668436919,17.67945,0.100566772453841,181.90656,10.01751
1109065032114,55999.3342560534,17.678239,0.0996863592410456,181.90651,10.01764
1109065032114,55999.3393648728,17.654827,0.0987851831352397,181.90655,10.01763
1109065032114,55999.3443871294,17.743833,0.101818642628471,181.90669,10.01761
1109065032114,55999.3494359837,17.821076,0.104377846389831,181.90667,10.01758
1109065032114,56007.3710757409,17.481239,0.0855423606561601,181.90654,10.01762
1109065032114,56007.3813689699,17.452008,0.0849981450391304,181.90659,10.01754
1109065032114,56007.3916835765,17.412842,0.0841156516555701,181.90659,10.01756
1109065032114,56007.4020240971,17.39687,0.0838578143874392,181.90651,10.01756
1109065032114,56016.339576609,17.526282,0.0957886172935147,181.90665,10.01767
1109065032114,56016.3464930556,17.458674,0.0939559396757927,181.90659,10.01759
1109065032114,56016.3534591436,17.468651,0.0942312871081339,181.90659,10.0176
1109065032114,56016.3603819674,17.302977,0.0896871595721558,181.90664,10.01757
1109065032114,56029.1997311111,17.290049,0.0892241172486141,181.90672,10.01768
1109065032114,56029.2048503473,17.405292,0.0991006359047973,181.90653,10.01758
1109065032114,56029.2099692593,17.416094,0.0926182781086375,181.90657,10.01762
1109065032114,56029.2150093173,17.370687,0.0914156721641079,181.90655,10.01757
1109065032114,56035.2178175696,17.463732,0.093991315405809,181.90659,10.01765
1109065032114,56035.2233610763,17.539295,0.0961785511567388,181.90663,10.01762
1109065032114,56035.2289725812,17.460366,0.0938853907008854,181.9066,10.01754
1109065032114,56035.2345575001,17.613659,0.0985350807051705,181.90666,10.01757
1109065032114,56251.5028671646,17.620291,0.0985509967479931,181.90646,10.01762
1109065032114,56251.5079662614,17.683801,0.100534998833344,181.9065,10.01771
1109065032114,56251.5130677777,17.498194,0.0944316418889302,181.90649,10.01768
1109065032114,56251.5182357524,17.556454,0.0960965899380785,181.9065,10.01769
1109065032114,56263.4941298263,17.385,0.0926811477070272,181.90655,10.01763
1109065032114,56263.4992342475,17.35695,0.0926548029891042,181.9065,10.01769
1109065032114,56263.5043528127,17.371578,0.0957289877915807,181.90656,10.01762
1109065032114,56263.5126146991,17.254432,0.088557625717241,181.90657,10.01771
1109065032114,56300.4142151275,17.35685,0.0914020416844157,181.90652,10.01762
1109065032114,56300.4187653703,17.346268,0.0909521557384128,181.90656,10.01764
1109065032114,56300.423308773,17.464372,0.0943055661704687,181.90664,10.01771
1109065032114,56300.4278228474,17.451809,0.0937722927801577,181.9066,10.01765
1109065032114,56311.4679402085,17.511977,0.0952939184273826,181.9066,10.01767
1109065032114,56311.4730694098,17.551729,0.0966008374664904,181.90648,10.01775
1109065032114,56311.4781960533,17.463157,0.0944614776113701,181.90657,10.01759
1109065032114,56311.4833345255,17.403954,0.0926548029891042,181.90675,10.01765
1109065032114,56330.5113041205,17.840537,0.106309630414756,181.90662,10.01768
1109065032114,56330.5169986109,17.719703,0.102173690058105,181.90658,10.01758
1109065032114,56330.5226712502,17.872408,0.107765046191829,181.90647,10.01766
1109065032114,56330.5283570718,17.813236,0.105709302766576,181.90659,10.01768
1109065032114,56339.3764860071,17.60664,0.0973102138703657,181.90663,10.01765
1109065032114,56339.3815099769,17.577291,0.0962812703087712,181.90657,10.01769
1109065032114,56339.386637222,17.574181,0.0962812703087712,181.90652,10.01755
1109065032114,56339.3917196528,17.409142,0.0914327252553256,181.9067,10.01764
1109065032114,56354.4474908216,17.851802,0.106025042709091,181.90672,10.01764
1109065032114,56354.4525419097,17.74769,0.102822294010778,181.90668,10.0177
1109065032114,56354.4576848727,17.830947,0.105832586281937,181.90658,10.01763
1109065032114,56354.4649753007,17.624592,0.0985380643207225,181.90654,10.01764
1109065032114,56365.2979651968,17.552025,0.0877074907704686,181.90652,10.01769
1109065032114,56365.3054341668,17.558688,0.0878379242161412,181.90654,10.01759
1109065032114,56365.312971956,17.449539,0.0852133595266735,181.90654,10.01764
1109065032114,56365.3204848262,17.538241,0.0873235577177744,181.90657,10.01769
1109065032114,56371.2158576041,17.457975,0.111401212667738,181.9065,10.0178
1109065032114,56371.2197182062,17.403398,0.111692260159957,181.90654,10.01775
1109065032114,56371.2236759258,17.702057,0.122494367647811,181.90634,10.01785
1109065032114,56371.2276260071,17.771257,0.121403510746975,181.90642,10.01765
1109065032114,55949.3712262963,17.840195,0.105433248927067,181.90666,10.01762
1109065032114,55949.3813628242,17.803414,0.103991254918365,181.90652,10.01762
1109065032114,55949.3916363888,17.655494,0.0987660684870782,181.90657,10.01764
1109065032114,55949.4018546529,17.542267,0.0952349695279508,181.90658,10.01761
1109065032114,56388.2763895372,17.350748,0.0837444568884579,181.90654,10.01768
1109065032114,56388.2856759027,17.410945,0.0851771967860905,181.90654,10.01775
1109065032114,56388.2950410995,17.446553,0.0861524064237094,181.90667,10.01762
1109065032114,56388.3042953241,17.514263,0.0877151333755131,181.90645,10.01768
1109065032114,56393.2455108566,17.501712,0.0948207968089111,181.90653,10.01771
1109065032114,56393.2505765627,17.39869,0.0917217319982383,181.90654,10.01755
1109065032114,56393.2556201043,17.395117,0.0917272820358858,181.90659,10.01763
1109065032114,56393.2607401619,17.386992,0.0914661970578013,181.9066,10.01763
1109065032114,56423.2082484607,17.500058,0.0970665979409095,181.90668,10.0177
1109065032114,56423.2154443171,17.563896,0.105479716653475,181.9065,10.01755
1109065032114,56423.2227488775,17.649679,0.103981000796922,181.90648,10.01773
1109065032114,56423.2517400696,17.770735,0.110282448507897,181.90652,10.01769
1109065032114,56444.1795860184,17.752826,0.105017860692528,181.9066,10.0178
1109065032114,56444.1857584375,17.765719,0.105742482695692,181.90655,10.01771
1109065032114,56444.1920099189,17.937864,0.112383792949252,181.90651,10.01764
1109065032114,56444.1982204397,17.955125,0.113079293435378,181.90656,10.01775
